0,1,0,4,6,4,6 0,1,0,4,6,6,4 0,1,0,2,4,2,4 1,-1,0,2,0,2,2 1,-1,0,7,5,5,7 1,-1,0,6,4,4,6 
0,1,0,3,5,3,5 0,1,0,3,5,5,3 0,1,0,1,3,1,3 1,-1,0,3,1,3,3 1,-1,0,8,6,6,8 1,-1,0,7,5,5,7 
0,1,2,2,4,2,4 0,1,2,4,4,4,2 0,1,2,2,2,0,2 1,-1,2,4,2,4,4 1,-1,2,9,7,7,9 1,-1,2,8,6,6,8 
0,1,0,1,3,1,3 0,1,0,5,5,5,3 1,-1,0,5,3,5,3 1,-1,0,8,6,6,8 1,-1,0,7,5,5,7 
0,1,2,2,2,0,2 0,1,2,6,4,6,4 1,-1,2,6,4,6,4 1,-1,2,9,7,7,9 1,-1,2,8,6,6,8 
0,1,1,7,5,7,5 1,-1,1,7,5,7,5 1,-1,1,8,6,6,8 1,-1,1,7,5,5,7 
0,1,3,6,6,6,4 1,-1,3,6,4,6,4 1,-1,3,7,5,5,7 1,-1,3,6,4,4,6 
0,1,3,5,5,5,3 1,-1,3,5,3,5,3 1,-1,3,8,6,6,8 1,-1,3,7,5,5,7 
0,1,1,4,4,4,2 1,-1,1,4,2,4,4 1,-1,1,9,7,7,9 1,-1,1,8,6,6,8 
0,1,2,3,5,5,3 1,-1,2,3,1,3,3 1,-1,2,8,6,6,8 1,-1,2,7,5,5,7 
0,1,3,4,6,6,4 1,-1,3,4,2,4,2 1,-1,3,7,5,5,7 1,-1,3,6,4,4,6 
0,1,3,3,5,5,3 1,-1,3,3,1,3,3 1,-1,3,8,6,6,8 1,-1,3,7,5,5,7 
0,1,0,2,4,4,2 1,-1,0,4,2,2,4 1,-1,0,9,7,7,9 1,-1,0,8,6,6,8 
0,1,3,3,3,3,1 1,-1,3,5,3,3,5 1,-1,3,10,8,8,10 1,-1,3,9,7,7,9 
0,1,3,2,2,2,0 1,-1,3,6,4,4,6 1,-1,3,11,9,9,11 1,-1,3,10,8,8,10 
1,-1,0,7,5,5,6 1,-1,0,12,10,10,11 1,-1,0,11,9,9,10 
1,-1,2,8,6,6,7 1,-1,2,13,11,11,12 1,-1,2,12,10,10,11 
1,-1,2,7,5,5,7 1,-1,2,12,10,10,12 1,-1,2,11,9,9,11 
1,-1,2,6,4,4,6 1,-1,2,11,9,9,11 1,-1,2,10,8,8,10 
1,-1,0,5,3,5,5 1,-1,0,10,8,8,10 1,-1,0,9,7,7,9 
1,-1,2,5,4,6,6 1,-1,2,10,9,9,11 1,-1,2,9,8,8,10 
