45,2,0.287078519021
48,2,1.81
51,2,1.78529089446
52,2,0.090523631987
54,2,1.73129942315
55,2,0.180054945884
57,2,1.65330128353
58,2,0.279476823754
60,2,0.248286553114
74,2,0.745527999515
75,0,1.00175342066
76,0,0.278368116885
76,2,0.0779958376736
77,2,1.693242767
80,2,0.19
83,2,0.187239673867
86,2,0.180054945884
89,2,0.166915168357
92,2,1.52198326389
93,2,0.3542478923
105,2,0.0369156920804
106,2,1.21660993113
107,0,0.950286183723
108,0,0.248024199975
134,2,0.267227654884
135,1,1.08464441832
135,2,1.59688711259
167,1,0.610299774733
167,2,0.255723645749
173,0,0.036914586754
204,0,0.527838822336
205,0,1.59428564532
230,0,0.10304092295
230,2,0.248286553114
231,0,1.60592697204
231,2,1.52198326389
232,0,0.0663529560549
234,1,0.937980812792
235,0,0.656128644412
236,0,0.416119962512
237,0,0.128540285417
263,0,0.519094116956
263,2,0.3542478923
265,2,0.542845238144
266,1,0.778382883607
267,0,0.933023545139
268,0,0.643119567534
269,0,0.0728824532021
270,0,1.84289545816
271,0,0.166304506526
275,0,0.187988130393
292,1,1.63491158015
293,1,0.0832857957787
297,2,1.36494094763
298,2,0.188012141321
302,0,0.274902321967
307,0,1.92403897994
308,0,0.535499159788
339,0,1.11395602112
340,0,0.932653160074
361,2,0.19
362,2,1.81
398,1,1.1696464131
399,1,1.60395767353
400,1,0.246052074115
401,1,1.20676585074
430,1,0.516959942654
433,1,0.131079674268
457,2,0.187239673868
458,2,1.78529089446
470,1,0.857160801539
490,2,0.090523631987
491,2,0.57199439777
492,2,0.387796538895
499,1,0.508426971326
502,1,0.790752246231
503,2,0.315600997388
504,2,0.629890515324
506,2,0.2406819503
507,2,0.682730095994
509,2,0.171202580929
510,2,0.725441252825
523,1,0.142326759882
523,2,0.783776336359
524,2,0.57199439777
526,2,0.837502688175
527,2,0.754447913574
528,0,0.934217883724
529,0,0.450572404279
529,2,0.754447913574
530,1,0.16417669499
530,2,0.837502688175
531,1,0.776945279338
532,2,0.677691412718
533,2,0.909816529203
535,2,0.490960570429
536,2,0.852306661168
538,2,0.407768861
539,2,0.915933581371
541,2,0.331317885276
542,2,0.968253907204
554,1,0.447703242287
555,1,0.922950487511
558,2,0.365558199262
559,2,0.305479418833
560,0,0.839527145855
561,0,0.383976609013
561,2,0.305479418833
562,2,0.365558199262
564,0,0.892151407929
564,2,0.248286553114
565,0,0.355929264357
565,1,0.861097015329
565,2,0.416175514774
566,1,0.371865471021
586,1,0.212240043891
587,1,1.42342139106
596,0,0.940790086887
597,0,0.388303465016
597,1,0.263542206238
598,1,0.637685482325
605,2,0.107250676925
606,2,0.635265593604
628,0,0.0490553017404
629,0,1.78362893382
629,1,0.0154219261621
630,0,0.179476671745
630,1,0.778755872071
637,2,0.38058652593
638,2,1.05
645,2,1.27909778749
646,2,0.628978483028
648,2,1.18655055474
649,2,0.726540145902
651,2,1.09242080235
652,2,0.823692217147
654,2,1.00672259665
655,2,0.910688290708
657,2,0.910688290708
658,2,1.00672259665
660,2,0.823692217147
661,0,0.330481843725
661,2,1.09242080235
663,2,0.726540145902
664,2,1.18655055474
666,2,0.628978483028
667,2,1.27909778749
677,2,0.167051555553
680,2,0.128717017659
683,2,0.0859205868094
686,2,0.0438302732125
690,2,0.0438302732125
693,2,0.0859205868094
696,2,0.128717017659
699,2,0.167051555553
