639,3
646,3
657,3
658,3
649,3
644,3
644,3
638,3
626,3
623,3
636,3
646,3
648,3
649,3
657,3
661,3
657,3
649,3
635,5
613,0
577,0
535,0
502,0
473,4
451,4
431,4
409,4
399,1
410,1
424,2
428,2
424,2
421,2
428,6
447,2
459,2
463,2
468,2
474,2
469,4
448,4
415,4
391,4
376,2
361,2
346,2
339,2
338,2
328,4
310,4
292,4
269,0
241,0
210,0
176,0
146,5
123,5
97,5
74,5
61,3
66,3
75,3
80,3
89,3
101,3
105,3
101,3
104,3
110,3
110,3
108,3
116,3
128,3
131,3
138,1
149,1
157,7
159,5
159,4
157,4
156,2
157,6
158,6
160,6
162,6
163,3
162,5
161,5
