162,2
160,0
159,5
155,5
152,4
150,0
149,3
149,5
149,7
150,3
150,1
151,6
154,1
160,7
179,7
210,1
242,1
278,1
318,1
360,1
407,1
450,6
493,1
537,6
580,6
612,6
637,6
659,6
674,2
668,2
654,2
638,4
620,4
592,0
554,0
518,0
482,0
449,0
413,0
376,0
339,0
301,0
264,0
226,4
200,4
177,4
149,4
134,2
133,2
136,2
135,2
130,2
129,6
134,1
144,1
167,1
194,6
212,6
228,6
253,6
288,6
318,6
347,6
374,6
394,6
413,1
440,1
478,1
507,1
536,1
567,1
601,6
618,2
624,6
632,7
639,3
642,7
647,6
658,2
659,4
655,0
651,0
649,0
646,5
645,7
645,3
645,3
645,1
645,4
644,4
644,0
