661,7
677,3
685,3
686,3
692,3
707,3
716,3
718,3
723,3
733,3
737,3
732,3
731,3
732,3
725,3
712,3
704,3
699,5
685,0
658,5
638,5
620,5
609,0
603,0
590,0
570,0
550,0
534,4
514,0
483,0
452,4
430,2
427,2
439,2
447,2
451,2
458,2
468,2
471,2
467,2
472,2
484,2
484,2
481,6
493,1
508,6
512,4
507,0
495,4
480,4
467,4
449,0
422,0
391,4
368,4
347,4
328,4
314,4
300,4
288,4
274,0
260,0
246,0
228,0
209,5
190,5
170,5
154,5
135,3
125,3
117,3
102,3
86,3
86,3
93,3
97,3
105,3
123,3
133,3
138,7
151,7
163,3
166,0
164,4
162,2
161,2
161,2
161,2
162,6
163,1
165,6
165,0
164,5
