656,7
670,3
679,3
682,3
689,3
701,3
705,3
703,3
711,3
719,3
716,3
713,3
715,3
710,3
696,3
686,3
679,5
665,0
642,0
619,0
591,4
570,4
556,4
543,4
529,2
522,2
532,6
547,2
555,2
556,2
558,2
563,2
566,2
555,4
536,2
527,2
524,5
513,7
546,6
579,2
587,4
583,4
578,4
577,4
562,4
540,4
524,4
511,4
495,0
470,4
450,4
435,0
414,0
389,4
360,4
325,0
288,0
245,0
204,5
171,5
151,5
136,5
119,3
108,3
106,3
100,3
93,3
100,3
107,3
107,3
112,3
125,3
133,3
135,7
138,6
142,6
147,6
149,6
151,2
151,6
152,6
153,1
155,1
158,7
165,1
183,1
