149,3
149,1
157,1
177,6
203,1
236,1
280,1
321,6
363,1
403,1
446,1
481,1
514,1
553,1
591,6
614,6
628,6
641,2
653,2
651,4
634,4
606,4
587,2
578,2
575,2
574,5
570,5
558,5
541,5
521,0
491,0
451,0
418,0
381,0
348,0
317,0
292,4
288,2
290,2
286,4
270,0
235,4
210,4
192,4
177,4
160,2
148,2
153,6
172,6
188,6
203,6
222,6
240,2
243,2
235,2
235,2
236,2
236,2
241,1
260,1
289,1
317,1
344,7
360,3
369,3
381,7
405,7
429,7
452,7
477,1
505,1
538,1
572,1
606,6
627,6
640,6
656,6
674,2
677,2
667,2
666,6
675,2
678,4
674,5
664,5
649,0
648,1
653,3
653,3
653,5
652,0
647,0
644,3
645,7
