320,0,1.0
292,0,0.5
348,0,0.5
319,0,0.5
291,0,0.5
347,0,0.5
321,0,0.5
293,0,0.5
349,0,0.5
66,0,1.0
38,0,0.5
94,0,0.5
65,0,0.5
37,0,0.5
93,0,0.5
67,0,0.5
39,0,0.5
95,0,0.5
431,0,1.0
403,0,0.5
459,0,0.5
430,0,0.5
402,0,0.5
458,0,0.5
432,0,0.5
404,0,0.5
460,0,0.5
144,0,1.0
116,0,0.5
172,0,0.5
143,0,0.5
115,0,0.5
171,0,0.5
145,0,0.5
117,0,0.5
173,0,0.5
246,0,1.0
218,0,0.5
274,0,0.5
245,0,0.5
217,0,0.5
273,0,0.5
247,0,0.5
219,0,0.5
275,0,0.5
266,0,1.0
238,0,0.5
294,0,0.5
265,0,0.5
237,0,0.5
293,0,0.5
267,0,0.5
239,0,0.5
295,0,0.5
141,0,1.0
113,0,0.5
169,0,0.5
140,0,0.5
112,0,0.5
168,0,0.5
142,0,0.5
114,0,0.5
170,0,0.5
216,0,1.0
188,0,0.5
244,0,0.5
215,0,0.5
187,0,0.5
243,0,0.5
217,0,0.5
189,0,0.5
245,0,0.5
248,0,1.0
220,0,0.5
276,0,0.5
247,0,0.5
219,0,0.5
275,0,0.5
249,0,0.5
221,0,0.5
277,0,0.5
411,0,1.0
383,0,0.5
439,0,0.5
410,0,0.5
382,0,0.5
438,0,0.5
412,0,0.5
384,0,0.5
440,0,0.5
398,0,1.0
370,0,0.5
426,0,0.5
397,0,0.5
369,0,0.5
425,0,0.5
399,0,0.5
371,0,0.5
427,0,0.5
197,0,1.0
169,0,0.5
225,0,0.5
196,0,0.5
168,0,0.5
224,0,0.5
198,0,0.5
170,0,0.5
226,0,0.5
69,1,0.5
41,1,0.5
97,1,0.5
68,1,0.5
40,1,0.5
96,1,0.5
70,1,0.5
42,1,0.5
98,1,0.5
502,1,0.5
474,1,0.5
530,1,0.5
501,1,0.5
473,1,0.5
529,1,0.5
503,1,0.5
475,1,0.5
531,1,0.5
152,1,0.5
124,1,0.5
180,1,0.5
151,1,0.5
123,1,0.5
179,1,0.5
153,1,0.5
125,1,0.5
181,1,0.5
282,1,0.5
254,1,0.5
310,1,0.5
281,1,0.5
253,1,0.5
309,1,0.5
283,1,0.5
255,1,0.5
311,1,0.5
346,1,0.5
318,1,0.5
374,1,0.5
345,1,0.5
317,1,0.5
373,1,0.5
347,1,0.5
319,1,0.5
375,1,0.5
522,1,0.5
494,1,0.5
550,1,0.5
521,1,0.5
493,1,0.5
549,1,0.5
523,1,0.5
495,1,0.5
551,1,0.5
150,1,0.5
122,1,0.5
178,1,0.5
149,1,0.5
121,1,0.5
177,1,0.5
151,1,0.5
123,1,0.5
179,1,0.5
456,1,0.5
428,1,0.5
484,1,0.5
455,1,0.5
427,1,0.5
483,1,0.5
457,1,0.5
429,1,0.5
485,1,0.5
459,1,0.5
431,1,0.5
487,1,0.5
458,1,0.5
430,1,0.5
486,1,0.5
460,1,0.5
432,1,0.5
488,1,0.5
321,1,0.5
293,1,0.5
349,1,0.5
320,1,0.5
292,1,0.5
348,1,0.5
322,1,0.5
294,1,0.5
350,1,0.5
236,1,0.5
208,1,0.5
264,1,0.5
235,1,0.5
207,1,0.5
263,1,0.5
237,1,0.5
209,1,0.5
265,1,0.5
389,1,0.5
361,1,0.5
417,1,0.5
388,1,0.5
360,1,0.5
416,1,0.5
390,1,0.5
362,1,0.5
418,1,0.5
532,2,0.1
450,2,0.2
368,2,0.3
285,2,0.4
231,2,0.5
147,2,0.6
93,2,0.7
96,2,0.8
181,2,0.9
238,2,1.0
296,2,1.1
381,2,1.2
465,2,1.3
548,2,1.4
579,2,1.5
552,2,1.6
499,2,1.7
414,2,1.8
332,2,1.9
249,2,2.0
166,2,2.1
82,2,2.2
