650,7
664,3
671,3
666,5
648,3
637,3
633,3
625,3
610,3
601,3
601,3
596,3
584,3
576,3
574,3
566,5
550,3
540,3
536,5
525,0
505,0
480,0
450,0
424,4
405,4
386,4
364,4
339,4
320,4
305,4
286,4
272,2
270,2
280,2
285,2
281,2
277,2
276,2
270,2
267,6
278,6
294,2
296,2
286,2
273,2
262,2
249,4
229,0
202,0
177,0
151,5
134,5
121,5
110,5
98,3
101,7
126,7
161,7
180,3
185,3
191,3
205,3
213,3
210,3
210,3
211,3
200,3
184,3
177,3
174,3
161,3
152,3
156,7
164,3
166,3
167,2
169,2
171,2
172,6
173,6
174,2
175,2
175,2
175,1
176,7
