434,0,1.0
406,0,0.5
462,0,0.5
433,0,0.5
405,0,0.25
461,0,0.25
435,0,0.5
407,0,0.25
463,0,0.25
211,0,1.0
183,0,0.5
239,0,0.5
210,0,0.5
182,0,0.25
238,0,0.25
212,0,0.5
184,0,0.25
240,0,0.25
483,0,1.0
455,0,0.5
511,0,0.5
482,0,0.5
454,0,0.25
510,0,0.25
484,0,0.5
456,0,0.25
512,0,0.25
121,0,1.0
93,0,0.5
149,0,0.5
120,0,0.5
92,0,0.25
148,0,0.25
122,0,0.5
94,0,0.25
150,0,0.25
469,0,1.0
441,0,0.5
497,0,0.5
468,0,0.5
440,0,0.25
496,0,0.25
470,0,0.5
442,0,0.25
498,0,0.25
256,0,1.0
228,0,0.5
284,0,0.5
255,0,0.5
227,0,0.25
283,0,0.25
257,0,0.5
229,0,0.25
285,0,0.25
345,0,1.0
317,0,0.5
373,0,0.5
344,0,0.5
316,0,0.25
372,0,0.25
346,0,0.5
318,0,0.25
374,0,0.25
287,0,1.0
259,0,0.5
315,0,0.5
286,0,0.5
258,0,0.25
314,0,0.25
288,0,0.5
260,0,0.25
316,0,0.25
432,0,1.0
404,0,0.5
460,0,0.5
431,0,0.5
403,0,0.25
459,0,0.25
433,0,0.5
405,0,0.25
461,0,0.25
356,0,1.0
328,0,0.5
384,0,0.5
355,0,0.5
327,0,0.25
383,0,0.25
357,0,0.5
329,0,0.25
385,0,0.25
492,0,1.0
464,0,0.5
520,0,0.5
491,0,0.5
463,0,0.25
519,0,0.25
493,0,0.5
465,0,0.25
521,0,0.25
142,0,1.0
114,0,0.5
170,0,0.5
141,0,0.5
113,0,0.25
169,0,0.25
143,0,0.5
115,0,0.25
171,0,0.25
327,1,1.0
299,1,0.25
355,1,0.25
326,1,0.25
298,1,0.05
354,1,0.05
328,1,0.25
300,1,0.05
356,1,0.05
235,1,1.0
207,1,0.25
263,1,0.25
234,1,0.25
206,1,0.05
262,1,0.05
236,1,0.25
208,1,0.05
264,1,0.05
219,1,1.0
191,1,0.25
247,1,0.25
218,1,0.25
190,1,0.05
246,1,0.05
220,1,0.25
192,1,0.05
248,1,0.05
410,1,1.0
382,1,0.25
438,1,0.25
409,1,0.25
381,1,0.05
437,1,0.05
411,1,0.25
383,1,0.05
439,1,0.05
106,1,1.0
78,1,0.25
134,1,0.25
105,1,0.25
77,1,0.05
133,1,0.05
107,1,0.25
79,1,0.05
135,1,0.05
346,1,1.0
318,1,0.25
374,1,0.25
345,1,0.25
317,1,0.05
373,1,0.05
347,1,0.25
319,1,0.05
375,1,0.05
129,1,1.0
101,1,0.25
157,1,0.25
128,1,0.25
100,1,0.05
156,1,0.05
130,1,0.25
102,1,0.05
158,1,0.05
233,1,1.0
205,1,0.25
261,1,0.25
232,1,0.25
204,1,0.05
260,1,0.05
234,1,0.25
206,1,0.05
262,1,0.05
339,1,1.0
311,1,0.25
367,1,0.25
338,1,0.25
310,1,0.05
366,1,0.05
340,1,0.25
312,1,0.05
368,1,0.05
401,1,1.0
373,1,0.25
429,1,0.25
400,1,0.25
372,1,0.05
428,1,0.05
402,1,0.25
374,1,0.05
430,1,0.05
389,1,1.0
361,1,0.25
417,1,0.25
388,1,0.25
360,1,0.05
416,1,0.05
390,1,0.25
362,1,0.05
418,1,0.05
70,1,1.0
42,1,0.25
98,1,0.25
69,1,0.25
41,1,0.05
97,1,0.05
71,1,0.25
43,1,0.05
99,1,0.05
532,2,0.1
449,2,0.2
395,2,0.3
340,2,0.4
258,2,0.5
175,2,0.6
121,2,0.7
95,2,0.8
70,2,0.9
100,2,1.0
184,2,1.1
268,2,1.2
350,2,1.3
435,2,1.4
519,2,1.5
522,2,1.6
440,2,1.7
385,2,1.8
274,2,1.9
191,2,2.0
107,2,2.1
53,2,2.2
