175,1
185,6
196,1
202,7
204,7
204,2
205,2
208,2
210,2
216,6
232,6
256,6
275,6
292,6
314,1
335,1
357,7
369,3
380,7
395,7
422,1
460,1
493,1
530,1
561,6
592,6
619,6
645,6
661,2
664,2
666,2
670,2
662,4
641,4
620,4
593,0
558,0
520,0
481,0
443,0
402,0
363,0
320,0
279,0
238,0
206,4
181,4
159,4
144,2
149,6
162,2
161,4
148,4
137,6
141,1
154,1
181,1
216,1
249,1
287,1
323,1
361,1
396,6
424,6
447,1
467,1
495,1
528,1
557,6
585,6
610,6
634,6
656,6
669,6
676,5
673,5
663,0
660,0
655,5
649,5
647,6
648,6
649,7
651,3
651,5
649,3
