40,2,0.128717017659
43,2,1.11926167337
44,2,0.844275119243
46,2,1.03118629242
47,2,0.932947986272
69,1,0.762503311852
72,2,1.18655055474
73,2,0.726540145902
80,2,0.76
89,1,1.10035030217
90,1,0.583351519145
101,1,0.895916370801
102,2,0.128717017659
103,2,1.18655055474
104,0,0.70455056097
105,0,1.94640550822
106,0,0.781630740394
107,1,0.668465032241
108,1,0.978208377293
110,1,0.310541256323
111,1,1.18299994113
112,2,1.24
123,2,0.852306661168
124,2,0.629890515324
133,2,0.0734227241037
134,1,0.561468666698
135,2,0.726540145902
136,0,0.23401725878
137,0,1.04828747129
138,0,1.48358159586
139,0,0.632030703788
143,1,0.0797576816913
155,2,0.490960570429
156,2,0.315600997388
165,2,1.31319580665
166,1,0.911769119027
166,2,0.646596881931
167,1,0.0141105885842
170,0,0.644933319818
171,0,0.363103970596
176,2,0.67
186,2,0.112011652578
187,2,0.515244127811
208,2,1.33
218,2,0.501834455075
219,2,1.05952139844
260,2,0.855622439926
261,2,1.13420556712
270,2,1.04475134127
271,2,0.945248844514
282,2,0.557432843851
296,0,0.235136709281
297,0,0.0551879525073
309,0,0.458728763974
313,2,0.102369899058
314,2,1.39916724457
328,0,1.54458164213
329,0,0.849828810423
333,2,0.491590241347
334,2,1.2548154591
341,0,1.44991450456
342,0,0.47016905007
343,1,1.00473115858
344,1,0.520782840081
345,1,0.226274520169
355,2,1.91
356,2,0.09
360,0,1.53695897556
361,0,0.476036664264
366,2,0.37663928839
377,1,1.0475011311
378,1,0.285987996194
378,2,0.468171027823
409,2,0.127434914349
410,2,1.48376362003
422,0,0.142224741657
429,2,0.460584526517
430,2,1.19389826945
442,0,0.97728413378
443,0,0.943488609481
451,2,1.86546375953
452,2,0.0873839904466
453,0,0.3315344039
454,0,1.79190624826
455,0,1.48453608247
456,0,0.505602744227
459,1,0.416447062447
460,1,0.950308789252
462,2,0.460584526517
474,0,0.305027817263
474,2,0.368896079338
475,0,0.284424506024
483,2,0.0978696154049
486,0,0.0863295382049
487,0,0.381451167838
487,1,0.269850338261
492,1,0.158053786719
505,2,0.150540619532
506,2,1.57514708428
518,0,0.452586177415
519,0,0.597692587496
519,1,1.22645544859
520,1,0.08420281084
525,2,0.420822999154
526,2,1.12034097515
534,1,1.60975170847
535,1,0.0117523604539
539,1,0.230719908388
547,2,1.78976203958
548,2,0.0805730021697
549,0,0.152465459088
550,0,1.92923543519
551,0,1.51251617164
557,2,0.0471047135087
558,2,0.553003109886
569,2,0.255723645749
570,1,0.275426619097
571,1,1.05580507308
579,2,0.187763812303
599,0,0.0494380275308
600,0,0.618898817635
601,2,1.59688711259
602,2,0.267227654884
621,2,0.38058652593
622,2,1.05
631,0,0.451025983795
631,2,0.545627282984
632,0,1.29143174615
632,2,0.925197692596
643,2,0.3542478923
644,2,1.52198326389
653,2,0.107250676925
654,2,0.635265593604
655,2,1.43919700429
656,2,0.452582797045
658,2,0.102369899058
661,2,0.0699740934381
663,2,0.246375182657
664,2,0.545627282984
666,1,0.328433564452
667,1,1.32832008992
676,2,0.248286553114
687,2,0.223908786126
690,2,1.39916724457
691,2,0.557432843851
693,2,1.30358058614
694,2,0.656497115746
