154,1
167,1
187,1
209,1
239,1
273,1
309,1
348,1
386,1
417,6
442,6
467,6
493,6
517,6
541,6
565,6
597,6
624,6
643,6
659,6
680,6
692,2
692,2
693,2
697,2
701,2
699,2
700,2
706,2
705,4
691,4
663,4
633,0
601,0
570,5
539,5
510,0
482,5
460,5
442,5
419,0
384,0
351,5
318,0
285,0
252,0
222,0
186,4
160,4
141,4
124,4
105,2
96,2
102,6
117,6
132,2
148,6
174,6
211,6
249,6
287,1
329,1
374,1
416,1
461,1
502,1
540,1
570,6
594,1
612,7
625,7
636,1
643,1
667,6
671,1
678,5
673,0
663,0
658,1
659,7
660,3
661,3
661,5
660,3
660,7
