645,7
655,7
673,7
687,3
693,3
693,3
699,3
707,3
704,3
703,3
712,3
717,3
716,3
720,3
732,3
737,3
731,3
725,3
720,5
701,0
670,0
638,0
603,0
567,0
535,0
507,0
474,0
437,4
409,4
386,4
366,2
353,2
353,2
357,2
352,2
349,2
355,2
366,2
374,2
389,6
419,6
449,6
473,6
500,6
530,6
546,2
545,2
540,2
534,2
523,4
501,4
476,4
450,0
422,0
387,0
355,0
322,0
288,5
256,5
226,0
192,5
163,5
146,5
131,5
113,5
91,3
81,3
83,3
77,3
65,3
61,7
82,7
104,3
111,3
117,3
128,3
130,3
124,3
126,3
137,3
143,3
146,7
151,6
155,1
159,3
159,4
156,2
156,2
156,2
155,2
155,5
153,5
147,3
142,3
