287,0,1.0
259,0,1.0
315,0,1.0
286,0,1.0
258,0,1.0
314,0,1.0
288,0,1.0
260,0,1.0
316,0,1.0
312,0,1.0
284,0,1.0
340,0,1.0
311,0,1.0
283,0,1.0
339,0,1.0
313,0,1.0
285,0,1.0
341,0,1.0
347,0,1.0
319,0,1.0
375,0,1.0
346,0,1.0
318,0,1.0
374,0,1.0
348,0,1.0
320,0,1.0
376,0,1.0
402,0,1.0
374,0,1.0
430,0,1.0
401,0,1.0
373,0,1.0
429,0,1.0
403,0,1.0
375,0,1.0
431,0,1.0
128,0,1.0
100,0,1.0
156,0,1.0
127,0,1.0
99,0,1.0
155,0,1.0
129,0,1.0
101,0,1.0
157,0,1.0
519,0,1.0
491,0,1.0
547,0,1.0
518,0,1.0
490,0,1.0
546,0,1.0
520,0,1.0
492,0,1.0
548,0,1.0
317,0,1.0
289,0,1.0
345,0,1.0
316,0,1.0
288,0,1.0
344,0,1.0
318,0,1.0
290,0,1.0
346,0,1.0
34,0,1.0
6,0,1.0
62,0,1.0
33,0,1.0
5,0,1.0
61,0,1.0
35,0,1.0
7,0,1.0
63,0,1.0
95,0,1.0
67,0,1.0
123,0,1.0
94,0,1.0
66,0,1.0
122,0,1.0
96,0,1.0
68,0,1.0
124,0,1.0
462,0,1.0
434,0,1.0
490,0,1.0
461,0,1.0
433,0,1.0
489,0,1.0
463,0,1.0
435,0,1.0
491,0,1.0
150,0,1.0
122,0,1.0
178,0,1.0
149,0,1.0
121,0,1.0
177,0,1.0
151,0,1.0
123,0,1.0
179,0,1.0
266,0,1.0
238,0,1.0
294,0,1.0
265,0,1.0
237,0,1.0
293,0,1.0
267,0,1.0
239,0,1.0
295,0,1.0
146,1,1.0
118,1,1.0
174,1,1.0
145,1,1.0
117,1,1.0
173,1,1.0
147,1,1.0
119,1,1.0
175,1,1.0
77,1,1.0
49,1,1.0
105,1,1.0
76,1,1.0
48,1,1.0
104,1,1.0
78,1,1.0
50,1,1.0
106,1,1.0
401,1,1.0
373,1,1.0
429,1,1.0
400,1,1.0
372,1,1.0
428,1,1.0
402,1,1.0
374,1,1.0
430,1,1.0
496,1,1.0
468,1,1.0
524,1,1.0
495,1,1.0
467,1,1.0
523,1,1.0
497,1,1.0
469,1,1.0
525,1,1.0
374,1,1.0
346,1,1.0
402,1,1.0
373,1,1.0
345,1,1.0
401,1,1.0
375,1,1.0
347,1,1.0
403,1,1.0
179,1,1.0
151,1,1.0
207,1,1.0
178,1,1.0
150,1,1.0
206,1,1.0
180,1,1.0
152,1,1.0
208,1,1.0
484,1,1.0
456,1,1.0
512,1,1.0
483,1,1.0
455,1,1.0
511,1,1.0
485,1,1.0
457,1,1.0
513,1,1.0
72,1,1.0
44,1,1.0
100,1,1.0
71,1,1.0
43,1,1.0
99,1,1.0
73,1,1.0
45,1,1.0
101,1,1.0
62,1,1.0
34,1,1.0
90,1,1.0
61,1,1.0
33,1,1.0
89,1,1.0
63,1,1.0
35,1,1.0
91,1,1.0
300,1,1.0
272,1,1.0
328,1,1.0
299,1,1.0
271,1,1.0
327,1,1.0
301,1,1.0
273,1,1.0
329,1,1.0
138,1,1.0
110,1,1.0
166,1,1.0
137,1,1.0
109,1,1.0
165,1,1.0
139,1,1.0
111,1,1.0
167,1,1.0
534,2,0.1
506,2,0.05
562,2,0.05
533,2,0.05
505,2,0.05
561,2,0.05
535,2,0.05
507,2,0.05
563,2,0.05
537,2,0.2
509,2,0.1
565,2,0.1
536,2,0.1
508,2,0.1
564,2,0.1
538,2,0.1
510,2,0.1
566,2,0.1
540,2,0.3
512,2,0.15
568,2,0.15
539,2,0.15
511,2,0.15
567,2,0.15
541,2,0.15
513,2,0.15
569,2,0.15
516,2,0.4
488,2,0.2
544,2,0.2
515,2,0.2
487,2,0.2
543,2,0.2
517,2,0.2
489,2,0.2
545,2,0.2
519,2,0.5
491,2,0.25
547,2,0.25
518,2,0.25
490,2,0.25
546,2,0.25
520,2,0.25
492,2,0.25
548,2,0.25
494,2,0.6
466,2,0.3
522,2,0.3
493,2,0.3
465,2,0.3
521,2,0.3
495,2,0.3
467,2,0.3
523,2,0.3
469,2,0.7
441,2,0.35
497,2,0.35
468,2,0.35
440,2,0.35
496,2,0.35
470,2,0.35
442,2,0.35
498,2,0.35
472,2,0.8
444,2,0.4
500,2,0.4
471,2,0.4
443,2,0.4
499,2,0.4
473,2,0.4
445,2,0.4
501,2,0.4
388,2,0.9
360,2,0.45
416,2,0.45
387,2,0.45
359,2,0.45
415,2,0.45
389,2,0.45
361,2,0.45
417,2,0.45
275,2,1.0
247,2,0.5
303,2,0.5
274,2,0.5
246,2,0.5
302,2,0.5
276,2,0.5
248,2,0.5
304,2,0.5
272,2,1.1
244,2,0.55
300,2,0.55
271,2,0.55
243,2,0.55
299,2,0.55
273,2,0.55
245,2,0.55
301,2,0.55
213,2,1.2
185,2,0.6
241,2,0.6
212,2,0.6
184,2,0.6
240,2,0.6
214,2,0.6
186,2,0.6
242,2,0.6
183,2,1.3
155,2,0.65
211,2,0.65
182,2,0.65
154,2,0.65
210,2,0.65
184,2,0.65
156,2,0.65
212,2,0.65
180,2,1.4
152,2,0.7
208,2,0.7
179,2,0.7
151,2,0.7
207,2,0.7
181,2,0.7
153,2,0.7
209,2,0.7
204,2,1.5
176,2,0.75
232,2,0.75
203,2,0.75
175,2,0.75
231,2,0.75
205,2,0.75
177,2,0.75
233,2,0.75
258,2,1.6
230,2,0.8
286,2,0.8
257,2,0.8
229,2,0.8
285,2,0.8
259,2,0.8
231,2,0.8
287,2,0.8
255,2,1.7
227,2,0.85
283,2,0.85
254,2,0.85
226,2,0.85
282,2,0.85
256,2,0.85
228,2,0.85
284,2,0.85
252,2,1.8
224,2,0.9
280,2,0.9
253,2,0.9
225,2,0.9
281,2,0.9
168,2,1.9
140,2,0.95
196,2,0.95
169,2,0.95
141,2,0.95
197,2,0.95
85,2,2.0
57,2,1.0
113,2,1.0
84,2,1.0
56,2,1.0
112,2,1.0
86,2,1.0
58,2,1.0
114,2,1.0
31,2,2.1
3,2,1.05
59,2,1.05
30,2,1.05
2,2,1.05
58,2,1.05
32,2,1.05
4,2,1.05
60,2,1.05
6,2,2.2
34,2,1.1
5,2,1.1
33,2,1.1
7,2,1.1
35,2,1.1
9,2,2.3
37,2,1.15
8,2,1.15
36,2,1.15
10,2,1.15
38,2,1.15
13,2,2.4
41,2,1.2
12,2,1.2
40,2,1.2
14,2,1.2
42,2,1.2
17,2,2.5
45,2,1.25
16,2,1.25
44,2,1.25
18,2,1.25
46,2,1.25
20,2,2.6
48,2,1.3
19,2,1.3
47,2,1.3
21,2,1.3
49,2,1.3
22,2,2.7
50,2,1.35
21,2,1.35
49,2,1.35
23,2,1.35
51,2,1.35
25,2,2.8
53,2,1.4
24,2,1.4
52,2,1.4
26,2,1.4
54,2,1.4
