443,0,1.0
442,0,0.5
444,0,0.5
415,0,0.5
471,0,0.5
414,0,0.25
416,0,0.25
470,0,0.25
472,0,0.25
326,0,1.0
325,0,0.5
327,0,0.5
298,0,0.5
354,0,0.5
297,0,0.25
299,0,0.25
353,0,0.25
355,0,0.25
322,0,1.0
321,0,0.5
323,0,0.5
294,0,0.5
350,0,0.5
293,0,0.25
295,0,0.25
349,0,0.25
351,0,0.25
499,0,1.0
498,0,0.5
500,0,0.5
471,0,0.5
527,0,0.5
470,0,0.25
472,0,0.25
526,0,0.25
528,0,0.25
98,0,1.0
97,0,0.5
99,0,0.5
70,0,0.5
126,0,0.5
69,0,0.25
71,0,0.25
125,0,0.25
127,0,0.25
75,0,1.0
74,0,0.5
76,0,0.5
47,0,0.5
103,0,0.5
46,0,0.25
48,0,0.25
102,0,0.25
104,0,0.25
233,0,1.0
232,0,0.5
234,0,0.5
205,0,0.5
261,0,0.5
204,0,0.25
206,0,0.25
260,0,0.25
262,0,0.25
129,0,1.0
128,0,0.5
130,0,0.5
101,0,0.5
157,0,0.5
100,0,0.25
102,0,0.25
156,0,0.25
158,0,0.25
524,0,1.0
523,0,0.5
525,0,0.5
496,0,0.5
552,0,0.5
495,0,0.25
497,0,0.25
551,0,0.25
553,0,0.25
131,0,1.0
130,0,0.5
132,0,0.5
103,0,0.5
159,0,0.5
102,0,0.25
104,0,0.25
158,0,0.25
160,0,0.25
278,0,1.0
277,0,0.5
279,0,0.5
250,0,0.5
306,0,0.5
249,0,0.25
251,0,0.25
305,0,0.25
307,0,0.25
402,0,1.0
401,0,0.5
403,0,0.5
374,0,0.5
430,0,0.5
373,0,0.25
375,0,0.25
429,0,0.25
431,0,0.25
318,1,1.0
317,1,0.5
319,1,0.5
290,1,0.5
346,1,0.5
289,1,0.25
291,1,0.25
345,1,0.25
347,1,0.25
175,1,1.0
174,1,0.5
176,1,0.5
147,1,0.5
203,1,0.5
146,1,0.25
148,1,0.25
202,1,0.25
204,1,0.25
492,1,1.0
491,1,0.5
493,1,0.5
464,1,0.5
520,1,0.5
463,1,0.25
465,1,0.25
519,1,0.25
521,1,0.25
96,1,1.0
95,1,0.5
97,1,0.5
68,1,0.5
124,1,0.5
67,1,0.25
69,1,0.25
123,1,0.25
125,1,0.25
165,1,1.0
164,1,0.5
166,1,0.5
137,1,0.5
193,1,0.5
136,1,0.25
138,1,0.25
192,1,0.25
194,1,0.25
127,1,1.0
126,1,0.5
128,1,0.5
99,1,0.5
155,1,0.5
98,1,0.25
100,1,0.25
154,1,0.25
156,1,0.25
389,1,1.0
388,1,0.5
390,1,0.5
361,1,0.5
417,1,0.5
360,1,0.25
362,1,0.25
416,1,0.25
418,1,0.25
389,1,1.0
388,1,0.5
390,1,0.5
361,1,0.5
417,1,0.5
360,1,0.25
362,1,0.25
416,1,0.25
418,1,0.25
91,1,1.0
90,1,0.5
92,1,0.5
63,1,0.5
119,1,0.5
62,1,0.25
64,1,0.25
118,1,0.25
120,1,0.25
454,1,1.0
453,1,0.5
455,1,0.5
426,1,0.5
482,1,0.5
425,1,0.25
427,1,0.25
481,1,0.25
483,1,0.25
459,1,1.0
458,1,0.5
460,1,0.5
431,1,0.5
487,1,0.5
430,1,0.25
432,1,0.25
486,1,0.25
488,1,0.25
373,1,1.0
372,1,0.5
374,1,0.5
345,1,0.5
401,1,0.5
344,1,0.25
346,1,0.25
400,1,0.25
402,1,0.25
534,2,0.1
537,2,0.2
540,2,0.3
543,2,0.4
546,2,0.5
549,2,0.6
552,2,0.7
555,2,0.8
503,2,0.9
418,2,1.0
415,2,1.1
412,2,1.2
438,2,1.3
435,2,1.4
432,2,1.5
400,2,1.6
371,2,1.7
259,2,1.8
202,2,1.9
172,2,2.0
88,2,2.1
34,2,2.2
9,2,2.3
13,2,2.4
17,2,2.5
20,2,2.6
22,2,2.7
25,2,2.8
