164,4
162,4
161,2
157,2
149,2
153,6
162,2
164,2
164,2
162,3
166,3
173,3
184,7
208,7
239,7
268,1
291,6
310,6
328,6
349,6
371,6
389,1
405,7
419,7
436,7
458,1
484,1
508,1
532,6
545,2
547,2
554,6
560,4
551,4
531,4
518,2
516,2
517,2
510,2
494,2
480,4
464,4
441,0
408,0
380,4
356,0
333,4
315,4
300,5
295,3
293,3
288,5
274,5
259,5
242,5
220,0
189,0
154,0
115,4
90,2
77,2
65,2
59,2
67,6
86,2
98,6
112,6
138,1
174,1
209,1
247,1
288,1
331,1
370,6
408,1
446,1
484,6
517,6
549,1
579,1
609,1
633,1
651,1
656,5
654,1
659,1
665,7
666,5
665,0
664,0
663,5
662,0
660,4
657,4
656,6
656,1
