149,3
149,7
155,6
161,2
160,4
151,4
137,2
131,2
127,2
120,2
121,7
130,7
146,1
164,6
187,6
212,1
245,1
281,6
310,1
337,6
360,1
377,7
397,7
424,1
458,1
491,6
520,6
541,2
548,2
545,6
554,1
585,6
618,6
630,2
631,2
627,4
607,0
571,0
537,0
503,0
471,0
437,0
401,4
375,4
346,4
317,0
286,0
252,0
223,4
194,4
163,4
132,2
123,2
129,2
133,2
142,6
167,1
212,1
256,6
273,2
274,2
283,1
310,1
357,1
396,1
435,1
479,1
521,1
562,1
597,1
628,1
645,7
655,1
666,1
671,5
670,0
669,0
667,4
667,1
668,1
668,0
667,4
663,4
661,2
660,2
