350,0,1.0
322,0,0.5
378,0,0.5
349,0,0.5
321,0,0.5
377,0,0.5
351,0,0.5
323,0,0.5
379,0,0.5
271,0,1.0
243,0,0.5
299,0,0.5
270,0,0.5
242,0,0.5
298,0,0.5
272,0,0.5
244,0,0.5
300,0,0.5
383,0,1.0
355,0,0.5
411,0,0.5
382,0,0.5
354,0,0.5
410,0,0.5
384,0,0.5
356,0,0.5
412,0,0.5
432,0,1.0
404,0,0.5
460,0,0.5
431,0,0.5
403,0,0.5
459,0,0.5
433,0,0.5
405,0,0.5
461,0,0.5
467,0,1.0
439,0,0.5
495,0,0.5
466,0,0.5
438,0,0.5
494,0,0.5
468,0,0.5
440,0,0.5
496,0,0.5
202,0,1.0
174,0,0.5
230,0,0.5
201,0,0.5
173,0,0.5
229,0,0.5
203,0,0.5
175,0,0.5
231,0,0.5
87,0,1.0
59,0,0.5
115,0,0.5
86,0,0.5
58,0,0.5
114,0,0.5
88,0,0.5
60,0,0.5
116,0,0.5
162,0,1.0
134,0,0.5
190,0,0.5
161,0,0.5
133,0,0.5
189,0,0.5
163,0,0.5
135,0,0.5
191,0,0.5
94,0,1.0
66,0,0.5
122,0,0.5
93,0,0.5
65,0,0.5
121,0,0.5
95,0,0.5
67,0,0.5
123,0,0.5
103,0,1.0
75,0,0.5
131,0,0.5
102,0,0.5
74,0,0.5
130,0,0.5
104,0,0.5
76,0,0.5
132,0,0.5
407,0,1.0
379,0,0.5
435,0,0.5
406,0,0.5
378,0,0.5
434,0,0.5
408,0,0.5
380,0,0.5
436,0,0.5
265,0,1.0
237,0,0.5
293,0,0.5
264,0,0.5
236,0,0.5
292,0,0.5
266,0,0.5
238,0,0.5
294,0,0.5
89,1,0.5
61,1,0.5
117,1,0.5
88,1,0.5
60,1,0.5
116,1,0.5
90,1,0.5
62,1,0.5
118,1,0.5
249,1,0.5
221,1,0.5
277,1,0.5
248,1,0.5
220,1,0.5
276,1,0.5
250,1,0.5
222,1,0.5
278,1,0.5
31,1,0.5
3,1,0.5
59,1,0.5
30,1,0.5
2,1,0.5
58,1,0.5
32,1,0.5
4,1,0.5
60,1,0.5
501,1,0.5
473,1,0.5
529,1,0.5
500,1,0.5
472,1,0.5
528,1,0.5
502,1,0.5
474,1,0.5
530,1,0.5
336,1,0.5
308,1,0.5
364,1,0.5
337,1,0.5
309,1,0.5
365,1,0.5
509,1,0.5
481,1,0.5
537,1,0.5
508,1,0.5
480,1,0.5
536,1,0.5
510,1,0.5
482,1,0.5
538,1,0.5
229,1,0.5
201,1,0.5
257,1,0.5
228,1,0.5
200,1,0.5
256,1,0.5
230,1,0.5
202,1,0.5
258,1,0.5
430,1,0.5
402,1,0.5
458,1,0.5
429,1,0.5
401,1,0.5
457,1,0.5
431,1,0.5
403,1,0.5
459,1,0.5
136,1,0.5
108,1,0.5
164,1,0.5
135,1,0.5
107,1,0.5
163,1,0.5
137,1,0.5
109,1,0.5
165,1,0.5
312,1,0.5
284,1,0.5
340,1,0.5
311,1,0.5
283,1,0.5
339,1,0.5
313,1,0.5
285,1,0.5
341,1,0.5
181,1,0.5
153,1,0.5
209,1,0.5
180,1,0.5
152,1,0.5
208,1,0.5
182,1,0.5
154,1,0.5
210,1,0.5
532,2,0.1
450,2,0.2
367,2,0.3
256,2,0.4
172,2,0.5
118,2,0.6
91,2,0.7
37,2,0.8
40,2,0.9
72,2,1.0
156,2,1.1
182,2,1.2
264,2,1.3
318,2,1.4
401,2,1.5
460,2,1.6
545,2,1.7
548,2,1.8
551,2,1.9
525,2,2.0
471,2,2.1
387,2,2.2
304,2,2.3
219,2,2.4
137,2,2.5
53,2,2.6
