151,0,1.0
123,0,1.0
179,0,1.0
150,0,1.0
122,0,1.0
178,0,1.0
152,0,1.0
124,0,1.0
180,0,1.0
350,0,1.0
322,0,1.0
378,0,1.0
349,0,1.0
321,0,1.0
377,0,1.0
351,0,1.0
323,0,1.0
379,0,1.0
394,0,1.0
366,0,1.0
422,0,1.0
393,0,1.0
365,0,1.0
421,0,1.0
395,0,1.0
367,0,1.0
423,0,1.0
128,0,1.0
100,0,1.0
156,0,1.0
127,0,1.0
99,0,1.0
155,0,1.0
129,0,1.0
101,0,1.0
157,0,1.0
313,0,1.0
285,0,1.0
341,0,1.0
312,0,1.0
284,0,1.0
340,0,1.0
314,0,1.0
286,0,1.0
342,0,1.0
486,0,1.0
458,0,1.0
514,0,1.0
485,0,1.0
457,0,1.0
513,0,1.0
487,0,1.0
459,0,1.0
515,0,1.0
452,0,1.0
424,0,1.0
480,0,1.0
451,0,1.0
423,0,1.0
479,0,1.0
453,0,1.0
425,0,1.0
481,0,1.0
359,0,1.0
331,0,1.0
387,0,1.0
358,0,1.0
330,0,1.0
386,0,1.0
360,0,1.0
332,0,1.0
388,0,1.0
508,0,1.0
480,0,1.0
536,0,1.0
507,0,1.0
479,0,1.0
535,0,1.0
509,0,1.0
481,0,1.0
537,0,1.0
154,0,1.0
126,0,1.0
182,0,1.0
153,0,1.0
125,0,1.0
181,0,1.0
155,0,1.0
127,0,1.0
183,0,1.0
385,0,1.0
357,0,1.0
413,0,1.0
384,0,1.0
356,0,1.0
412,0,1.0
386,0,1.0
358,0,1.0
414,0,1.0
214,0,1.0
186,0,1.0
242,0,1.0
213,0,1.0
185,0,1.0
241,0,1.0
215,0,1.0
187,0,1.0
243,0,1.0
270,1,1.0
242,1,1.0
298,1,1.0
269,1,1.0
241,1,1.0
297,1,1.0
271,1,1.0
243,1,1.0
299,1,1.0
44,1,1.0
16,1,1.0
72,1,1.0
43,1,1.0
15,1,1.0
71,1,1.0
45,1,1.0
17,1,1.0
73,1,1.0
97,1,1.0
69,1,1.0
125,1,1.0
96,1,1.0
68,1,1.0
124,1,1.0
98,1,1.0
70,1,1.0
126,1,1.0
430,1,1.0
402,1,1.0
458,1,1.0
429,1,1.0
401,1,1.0
457,1,1.0
431,1,1.0
403,1,1.0
459,1,1.0
516,1,1.0
488,1,1.0
544,1,1.0
515,1,1.0
487,1,1.0
543,1,1.0
517,1,1.0
489,1,1.0
545,1,1.0
45,1,1.0
17,1,1.0
73,1,1.0
44,1,1.0
16,1,1.0
72,1,1.0
46,1,1.0
18,1,1.0
74,1,1.0
120,1,1.0
92,1,1.0
148,1,1.0
119,1,1.0
91,1,1.0
147,1,1.0
121,1,1.0
93,1,1.0
149,1,1.0
291,1,1.0
263,1,1.0
319,1,1.0
290,1,1.0
262,1,1.0
318,1,1.0
292,1,1.0
264,1,1.0
320,1,1.0
520,1,1.0
492,1,1.0
548,1,1.0
519,1,1.0
491,1,1.0
547,1,1.0
521,1,1.0
493,1,1.0
549,1,1.0
93,1,1.0
65,1,1.0
121,1,1.0
92,1,1.0
64,1,1.0
120,1,1.0
94,1,1.0
66,1,1.0
122,1,1.0
151,1,1.0
123,1,1.0
179,1,1.0
150,1,1.0
122,1,1.0
178,1,1.0
152,1,1.0
124,1,1.0
180,1,1.0
285,1,1.0
257,1,1.0
313,1,1.0
284,1,1.0
256,1,1.0
312,1,1.0
286,1,1.0
258,1,1.0
314,1,1.0
534,2,0.1
506,2,0.05
562,2,0.05
533,2,0.05
505,2,0.05
561,2,0.05
535,2,0.05
507,2,0.05
563,2,0.05
537,2,0.2
509,2,0.1
565,2,0.1
536,2,0.1
508,2,0.1
564,2,0.1
538,2,0.1
510,2,0.1
566,2,0.1
540,2,0.3
512,2,0.15
568,2,0.15
539,2,0.15
511,2,0.15
567,2,0.15
541,2,0.15
513,2,0.15
569,2,0.15
543,2,0.4
515,2,0.2
571,2,0.2
542,2,0.2
514,2,0.2
570,2,0.2
544,2,0.2
516,2,0.2
572,2,0.2
546,2,0.5
518,2,0.25
574,2,0.25
545,2,0.25
517,2,0.25
573,2,0.25
547,2,0.25
519,2,0.25
575,2,0.25
549,2,0.6
521,2,0.3
577,2,0.3
548,2,0.3
520,2,0.3
576,2,0.3
550,2,0.3
522,2,0.3
578,2,0.3
552,2,0.7
524,2,0.35
580,2,0.35
551,2,0.35
523,2,0.35
579,2,0.35
553,2,0.35
525,2,0.35
581,2,0.35
528,2,0.8
500,2,0.4
556,2,0.4
527,2,0.4
499,2,0.4
555,2,0.4
529,2,0.4
501,2,0.4
557,2,0.4
474,2,0.9
446,2,0.45
502,2,0.45
473,2,0.45
445,2,0.45
501,2,0.45
475,2,0.45
447,2,0.45
503,2,0.45
390,2,1.0
362,2,0.5
418,2,0.5
389,2,0.5
361,2,0.5
417,2,0.5
391,2,0.5
363,2,0.5
419,2,0.5
306,2,1.1
278,2,0.55
334,2,0.55
305,2,0.55
277,2,0.55
333,2,0.55
307,2,0.55
279,2,0.55
335,2,0.55
275,2,1.2
247,2,0.6
303,2,0.6
274,2,0.6
246,2,0.6
302,2,0.6
276,2,0.6
248,2,0.6
304,2,0.6
272,2,1.3
244,2,0.65
300,2,0.65
271,2,0.65
243,2,0.65
299,2,0.65
273,2,0.65
245,2,0.65
301,2,0.65
269,2,1.4
241,2,0.7
297,2,0.7
268,2,0.7
240,2,0.7
296,2,0.7
270,2,0.7
242,2,0.7
298,2,0.7
266,2,1.5
238,2,0.75
294,2,0.75
265,2,0.75
237,2,0.75
293,2,0.75
267,2,0.75
239,2,0.75
295,2,0.75
262,2,1.6
234,2,0.8
290,2,0.8
261,2,0.8
233,2,0.8
289,2,0.8
263,2,0.8
235,2,0.8
291,2,0.8
315,2,1.7
287,2,0.85
343,2,0.85
314,2,0.85
286,2,0.85
342,2,0.85
316,2,0.85
288,2,0.85
344,2,0.85
370,2,1.8
342,2,0.9
398,2,0.9
369,2,0.9
341,2,0.9
397,2,0.9
371,2,0.9
343,2,0.9
399,2,0.9
367,2,1.9
339,2,0.95
395,2,0.95
366,2,0.95
338,2,0.95
394,2,0.95
368,2,0.95
340,2,0.95
396,2,0.95
364,2,2.0
336,2,1.0
392,2,1.0
365,2,1.0
337,2,1.0
393,2,1.0
306,2,2.1
278,2,1.05
334,2,1.05
305,2,1.05
277,2,1.05
333,2,1.05
307,2,1.05
279,2,1.05
335,2,1.05
222,2,2.2
194,2,1.1
250,2,1.1
221,2,1.1
193,2,1.1
249,2,1.1
223,2,1.1
195,2,1.1
251,2,1.1
138,2,2.3
110,2,1.15
166,2,1.15
137,2,1.15
109,2,1.15
165,2,1.15
139,2,1.15
111,2,1.15
167,2,1.15
84,2,2.4
56,2,1.2
112,2,1.2
85,2,1.2
57,2,1.2
113,2,1.2
28,2,2.5
0,2,1.25
56,2,1.25
29,2,1.25
1,2,1.25
57,2,1.25
31,2,2.6
3,2,1.3
59,2,1.3
30,2,1.3
2,2,1.3
58,2,1.3
32,2,1.3
4,2,1.3
60,2,1.3
34,2,2.7
6,2,1.35
62,2,1.35
33,2,1.35
5,2,1.35
61,2,1.35
35,2,1.35
7,2,1.35
63,2,1.35
9,2,2.8
37,2,1.4
8,2,1.4
36,2,1.4
10,2,1.4
38,2,1.4
13,2,2.9
41,2,1.45
12,2,1.45
40,2,1.45
14,2,1.45
42,2,1.45
17,2,3.0
45,2,1.5
16,2,1.5
44,2,1.5
18,2,1.5
46,2,1.5
20,2,3.1
48,2,1.55
19,2,1.55
47,2,1.55
21,2,1.55
49,2,1.55
22,2,3.2
50,2,1.6
21,2,1.6
49,2,1.6
23,2,1.6
51,2,1.6
25,2,3.3
53,2,1.65
24,2,1.65
52,2,1.65
26,2,1.65
54,2,1.65
