650,3
651,7
660,3
668,3
664,5
647,5
632,3
626,3
619,5
603,5
577,5
560,3
559,7
582,7
620,7
644,3
658,3
674,3
689,3
692,3
678,3
667,3
658,5
638,0
607,0
576,5
551,5
527,5
500,0
469,0
443,0
424,0
408,2
406,6
421,6
435,2
438,2
432,2
430,2
437,2
440,2
435,2
430,2
430,2
426,4
408,4
382,4
363,4
348,4
330,4
305,4
278,0
250,5
230,5
217,5
206,5
193,3
187,3
192,3
198,3
200,3
207,7
225,3
232,3
223,5
194,5
168,5
157,3
152,3
143,3
134,3
139,7
152,3
157,3
158,0
155,4
152,2
151,2
150,2
150,6
151,7
152,6
154,6
157,6
160,2
