142,4
129,2
124,2
125,2
130,6
139,1
150,7
172,7
200,1
232,1
272,1
315,1
356,1
400,1
449,7
491,7
535,1
579,1
623,6
656,6
679,2
681,2
671,2
658,4
642,4
615,0
583,4
557,4
531,0
504,0
475,0
450,4
416,4
382,0
367,3
365,3
364,3
360,5
355,4
345,4
330,4
316,5
312,3
309,3
305,0
293,4
261,4
224,4
196,4
169,2
158,2
159,2
158,2
159,6
175,6
203,6
229,6
259,1
291,1
322,1
347,1
373,7
397,7
424,7
445,6
452,2
445,2
443,6
454,6
484,6
512,6
544,6
577,1
613,1
640,6
659,1
666,3
666,1
674,1
680,0
678,5
677,1
678,7
679,0
677,0
675,4
673,2
673,6
