390,0,1.0
375,0,1.0
102,0,1.0
398,0,1.0
337,0,1.0
202,0,1.0
389,0,1.0
104,0,1.0
161,0,1.0
153,0,1.0
47,0,1.0
198,0,1.0
277,1,1.0
442,1,1.0
29,1,1.0
466,1,1.0
98,1,1.0
385,1,1.0
508,1,1.0
47,1,1.0
353,1,1.0
10,1,1.0
72,1,1.0
284,1,1.0
534,2,0.1
537,2,0.2
540,2,0.3
516,2,0.4
519,2,0.5
494,2,0.6
469,2,0.7
472,2,0.8
388,2,0.9
275,2,1.0
272,2,1.1
213,2,1.2
183,2,1.3
180,2,1.4
204,2,1.5
258,2,1.6
255,2,1.7
252,2,1.8
168,2,1.9
85,2,2.0
31,2,2.1
6,2,2.2
9,2,2.3
13,2,2.4
17,2,2.5
20,2,2.6
22,2,2.7
25,2,2.8
