646,0
622,5
606,3
598,3
592,5
576,5
559,3
553,3
553,3
551,3
540,3
538,7
560,7
595,7
621,7
642,7
664,7
687,3
696,3
690,3
681,3
673,5
656,5
621,5
589,5
565,0
540,0
514,0
489,0
461,0
431,4
401,4
367,4
330,0
301,4
288,2
281,4
271,4
251,4
228,4
220,2
224,6
238,6
253,2
262,2
268,2
282,2
291,2
296,6
315,6
354,6
394,6
428,6
459,6
478,2
473,4
457,4
436,0
410,5
380,0
350,0
315,0
277,5
245,5
213,5
178,5
140,5
110,5
75,5
44,3
31,3
32,3
32,3
35,3
51,7
70,7
86,7
105,1
126,1
137,1
156,1
171,7
176,3
181,3
182,5
175,0
168,0
162,1
170,7
186,3
187,3
172,3
162,3
155,5
142,5
135,1
144,1
152,7
155,4
152,4
148,4
147,2
147,2
147,7
148,5
147,2
147,6
