165,4
162,4
162,2
161,2
157,2
154,2
160,6
172,2
179,2
188,6
198,7
209,7
224,7
244,1
257,6
271,6
291,6
315,1
343,1
377,1
407,1
443,1
478,1
509,1
544,1
575,6
600,6
621,6
634,2
628,4
611,4
601,4
587,0
563,4
549,2
546,2
550,2
551,2
551,2
553,1
561,3
564,5
557,5
545,5
533,0
518,0
498,0
473,4
451,4
426,4
403,0
375,0
342,0
314,4
285,4
256,4
226,4
203,2
196,2
194,2
188,4
171,4
157,2
153,2
157,2
160,6
167,1
183,7
212,7
236,1
260,1
290,1
315,1
346,1
382,6
412,6
445,6
478,1
517,1
550,6
580,1
605,7
619,1
626,6
633,2
634,4
627,4
624,2
624,2
624,2
624,1
635,1
653,7
660,7
662,3
662,5
661,0
659,0
658,0
657,0
656,6
657,6
657,4
656,4
653,4
