506,7
506,3
506,5
507,5
479,5
480,3
480,5
453,5
426,5
426,5
398,5
398,4
398,6
397,6
426,1
454,7
483,7
483,7
512,7
540,3
542,3
543,3
573,3
574,5
546,5
519,5
492,0
492,0
464,5
465,3
465,5
438,5
439,3
440,3
440,7
441,3
441,3
442,3
443,5
414,0
415,0
388,0
359,0
332,0
303,2
303,6
330,2
329,2
328,2
327,2
326,2
325,2
296,4
294,2
265,4
264,4
235,4
206,4
178,2
176,4
147,4
118,4
117,4
88,4
87,0
59,0
30,0
2,5
3,3
10,3
11,3
40,3
41,3
71,3
100,3
128,7
128,7
156,7
129,7
130,1
131,1
132,7
133,3
106,3
79,3
80,3
51,3
52,5
25,5
52,5
52,5
52,5
52,5
52,6
51,6
51,2
51,2
51,6
