371,0,1.0
343,0,1.0
399,0,1.0
370,0,1.0
342,0,1.0
398,0,1.0
372,0,1.0
344,0,1.0
400,0,1.0
410,0,1.0
382,0,1.0
438,0,1.0
409,0,1.0
381,0,1.0
437,0,1.0
411,0,1.0
383,0,1.0
439,0,1.0
507,0,1.0
479,0,1.0
535,0,1.0
506,0,1.0
478,0,1.0
534,0,1.0
508,0,1.0
480,0,1.0
536,0,1.0
42,0,1.0
14,0,1.0
70,0,1.0
41,0,1.0
13,0,1.0
69,0,1.0
43,0,1.0
15,0,1.0
71,0,1.0
436,0,1.0
408,0,1.0
464,0,1.0
435,0,1.0
407,0,1.0
463,0,1.0
437,0,1.0
409,0,1.0
465,0,1.0
512,0,1.0
484,0,1.0
540,0,1.0
511,0,1.0
483,0,1.0
539,0,1.0
513,0,1.0
485,0,1.0
541,0,1.0
79,0,1.0
51,0,1.0
107,0,1.0
78,0,1.0
50,0,1.0
106,0,1.0
80,0,1.0
52,0,1.0
108,0,1.0
410,0,1.0
382,0,1.0
438,0,1.0
409,0,1.0
381,0,1.0
437,0,1.0
411,0,1.0
383,0,1.0
439,0,1.0
329,0,1.0
301,0,1.0
357,0,1.0
328,0,1.0
300,0,1.0
356,0,1.0
330,0,1.0
302,0,1.0
358,0,1.0
157,0,1.0
129,0,1.0
185,0,1.0
156,0,1.0
128,0,1.0
184,0,1.0
158,0,1.0
130,0,1.0
186,0,1.0
275,0,1.0
247,0,1.0
303,0,1.0
274,0,1.0
246,0,1.0
302,0,1.0
276,0,1.0
248,0,1.0
304,0,1.0
178,0,1.0
150,0,1.0
206,0,1.0
177,0,1.0
149,0,1.0
205,0,1.0
179,0,1.0
151,0,1.0
207,0,1.0
433,1,1.0
405,1,1.0
461,1,1.0
432,1,1.0
404,1,1.0
460,1,1.0
434,1,1.0
406,1,1.0
462,1,1.0
349,1,1.0
321,1,1.0
377,1,1.0
348,1,1.0
320,1,1.0
376,1,1.0
350,1,1.0
322,1,1.0
378,1,1.0
34,1,1.0
6,1,1.0
62,1,1.0
33,1,1.0
5,1,1.0
61,1,1.0
35,1,1.0
7,1,1.0
63,1,1.0
381,1,1.0
353,1,1.0
409,1,1.0
380,1,1.0
352,1,1.0
408,1,1.0
382,1,1.0
354,1,1.0
410,1,1.0
282,1,1.0
254,1,1.0
310,1,1.0
281,1,1.0
253,1,1.0
309,1,1.0
283,1,1.0
255,1,1.0
311,1,1.0
517,1,1.0
489,1,1.0
545,1,1.0
516,1,1.0
488,1,1.0
544,1,1.0
518,1,1.0
490,1,1.0
546,1,1.0
75,1,1.0
47,1,1.0
103,1,1.0
74,1,1.0
46,1,1.0
102,1,1.0
76,1,1.0
48,1,1.0
104,1,1.0
347,1,1.0
319,1,1.0
375,1,1.0
346,1,1.0
318,1,1.0
374,1,1.0
348,1,1.0
320,1,1.0
376,1,1.0
218,1,1.0
190,1,1.0
246,1,1.0
217,1,1.0
189,1,1.0
245,1,1.0
219,1,1.0
191,1,1.0
247,1,1.0
186,1,1.0
158,1,1.0
214,1,1.0
185,1,1.0
157,1,1.0
213,1,1.0
187,1,1.0
159,1,1.0
215,1,1.0
495,1,1.0
467,1,1.0
523,1,1.0
494,1,1.0
466,1,1.0
522,1,1.0
496,1,1.0
468,1,1.0
524,1,1.0
31,1,1.0
3,1,1.0
59,1,1.0
30,1,1.0
2,1,1.0
58,1,1.0
32,1,1.0
4,1,1.0
60,1,1.0
534,2,0.1
506,2,0.05
562,2,0.05
533,2,0.05
505,2,0.05
561,2,0.05
535,2,0.05
507,2,0.05
563,2,0.05
537,2,0.2
509,2,0.1
565,2,0.1
536,2,0.1
508,2,0.1
564,2,0.1
538,2,0.1
510,2,0.1
566,2,0.1
540,2,0.3
512,2,0.15
568,2,0.15
539,2,0.15
511,2,0.15
567,2,0.15
541,2,0.15
513,2,0.15
569,2,0.15
543,2,0.4
515,2,0.2
571,2,0.2
542,2,0.2
514,2,0.2
570,2,0.2
544,2,0.2
516,2,0.2
572,2,0.2
546,2,0.5
518,2,0.25
574,2,0.25
545,2,0.25
517,2,0.25
573,2,0.25
547,2,0.25
519,2,0.25
575,2,0.25
549,2,0.6
521,2,0.3
577,2,0.3
548,2,0.3
520,2,0.3
576,2,0.3
550,2,0.3
522,2,0.3
578,2,0.3
552,2,0.7
524,2,0.35
580,2,0.35
551,2,0.35
523,2,0.35
579,2,0.35
553,2,0.35
525,2,0.35
581,2,0.35
555,2,0.8
527,2,0.4
583,2,0.4
554,2,0.4
526,2,0.4
582,2,0.4
556,2,0.4
528,2,0.4
584,2,0.4
503,2,0.9
475,2,0.45
531,2,0.45
502,2,0.45
474,2,0.45
530,2,0.45
418,2,1.0
390,2,0.5
446,2,0.5
417,2,0.5
389,2,0.5
445,2,0.5
419,2,0.5
391,2,0.5
447,2,0.5
415,2,1.1
387,2,0.55
443,2,0.55
414,2,0.55
386,2,0.55
442,2,0.55
416,2,0.55
388,2,0.55
444,2,0.55
412,2,1.2
384,2,0.6
440,2,0.6
411,2,0.6
383,2,0.6
439,2,0.6
413,2,0.6
385,2,0.6
441,2,0.6
438,2,1.3
410,2,0.65
466,2,0.65
437,2,0.65
409,2,0.65
465,2,0.65
439,2,0.65
411,2,0.65
467,2,0.65
435,2,1.4
407,2,0.7
463,2,0.7
434,2,0.7
406,2,0.7
462,2,0.7
436,2,0.7
408,2,0.7
464,2,0.7
432,2,1.5
404,2,0.75
460,2,0.75
431,2,0.75
403,2,0.75
459,2,0.75
433,2,0.75
405,2,0.75
461,2,0.75
400,2,1.6
372,2,0.8
428,2,0.8
399,2,0.8
371,2,0.8
427,2,0.8
401,2,0.8
373,2,0.8
429,2,0.8
371,2,1.7
343,2,0.85
399,2,0.85
370,2,0.85
342,2,0.85
398,2,0.85
372,2,0.85
344,2,0.85
400,2,0.85
259,2,1.8
231,2,0.9
287,2,0.9
258,2,0.9
230,2,0.9
286,2,0.9
260,2,0.9
232,2,0.9
288,2,0.9
202,2,1.9
174,2,0.95
230,2,0.95
201,2,0.95
173,2,0.95
229,2,0.95
203,2,0.95
175,2,0.95
231,2,0.95
172,2,2.0
144,2,1.0
200,2,1.0
171,2,1.0
143,2,1.0
199,2,1.0
173,2,1.0
145,2,1.0
201,2,1.0
88,2,2.1
60,2,1.05
116,2,1.05
87,2,1.05
59,2,1.05
115,2,1.05
89,2,1.05
61,2,1.05
117,2,1.05
34,2,2.2
6,2,1.1
62,2,1.1
33,2,1.1
5,2,1.1
61,2,1.1
35,2,1.1
7,2,1.1
63,2,1.1
9,2,2.3
37,2,1.15
8,2,1.15
36,2,1.15
10,2,1.15
38,2,1.15
13,2,2.4
41,2,1.2
12,2,1.2
40,2,1.2
14,2,1.2
42,2,1.2
17,2,2.5
45,2,1.25
16,2,1.25
44,2,1.25
18,2,1.25
46,2,1.25
20,2,2.6
48,2,1.3
19,2,1.3
47,2,1.3
21,2,1.3
49,2,1.3
22,2,2.7
50,2,1.35
21,2,1.35
49,2,1.35
23,2,1.35
51,2,1.35
25,2,2.8
53,2,1.4
24,2,1.4
52,2,1.4
26,2,1.4
54,2,1.4
