677,7
679,0
676,0
659,0
641,4
628,4
614,0
594,5
566,5
545,3
542,3
543,3
543,3
551,7
579,7
609,7
624,3
630,3
634,3
627,5
607,3
602,3
616,3
627,3
631,3
638,3
646,3
642,3
629,3
618,5
604,5
583,5
564,5
544,0
526,4
510,4
489,4
457,4
432,2
418,2
409,2
399,2
397,2
409,6
424,2
435,2
445,6
462,6
478,2
477,4
454,4
424,4
404,2
388,4
366,4
336,4
309,4
284,4
258,0
229,0
200,0
166,5
141,5
127,3
115,5
99,3
91,7
107,7
141,7
165,3
177,3
187,3
199,3
201,3
196,3
194,5
181,0
148,0
112,5
94,3
83,3
75,3
76,7
93,7
113,7
128,7
137,1
140,6
141,6
142,2
143,6
144,6
145,6
147,2
146,4
141,4
139,4
