98,0,1.0
97,0,0.5
99,0,0.5
70,0,0.5
126,0,0.5
69,0,0.25
71,0,0.25
125,0,0.25
127,0,0.25
212,0,1.0
211,0,0.5
213,0,0.5
184,0,0.5
240,0,0.5
183,0,0.25
185,0,0.25
239,0,0.25
241,0,0.25
339,0,1.0
338,0,0.5
340,0,0.5
311,0,0.5
367,0,0.5
310,0,0.25
312,0,0.25
366,0,0.25
368,0,0.25
40,0,1.0
39,0,0.5
41,0,0.5
12,0,0.5
68,0,0.5
11,0,0.25
13,0,0.25
67,0,0.25
69,0,0.25
122,0,1.0
121,0,0.5
123,0,0.5
94,0,0.5
150,0,0.5
93,0,0.25
95,0,0.25
149,0,0.25
151,0,0.25
528,0,1.0
527,0,0.5
529,0,0.5
500,0,0.5
556,0,0.5
499,0,0.25
501,0,0.25
555,0,0.25
557,0,0.25
213,0,1.0
212,0,0.5
214,0,0.5
185,0,0.5
241,0,0.5
184,0,0.25
186,0,0.25
240,0,0.25
242,0,0.25
332,0,1.0
331,0,0.5
333,0,0.5
304,0,0.5
360,0,0.5
303,0,0.25
305,0,0.25
359,0,0.25
361,0,0.25
366,0,1.0
365,0,0.5
367,0,0.5
338,0,0.5
394,0,0.5
337,0,0.25
339,0,0.25
393,0,0.25
395,0,0.25
170,0,1.0
169,0,0.5
171,0,0.5
142,0,0.5
198,0,0.5
141,0,0.25
143,0,0.25
197,0,0.25
199,0,0.25
333,0,1.0
332,0,0.5
334,0,0.5
305,0,0.5
361,0,0.5
304,0,0.25
306,0,0.25
360,0,0.25
362,0,0.25
245,0,1.0
244,0,0.5
246,0,0.5
217,0,0.5
273,0,0.5
216,0,0.25
218,0,0.25
272,0,0.25
274,0,0.25
378,1,1.0
377,1,0.5
379,1,0.5
350,1,0.5
406,1,0.5
349,1,0.25
351,1,0.25
405,1,0.25
407,1,0.25
262,1,1.0
261,1,0.5
263,1,0.5
234,1,0.5
290,1,0.5
233,1,0.25
235,1,0.25
289,1,0.25
291,1,0.25
494,1,1.0
493,1,0.5
495,1,0.5
466,1,0.5
522,1,0.5
465,1,0.25
467,1,0.25
521,1,0.25
523,1,0.25
232,1,1.0
231,1,0.5
233,1,0.5
204,1,0.5
260,1,0.5
203,1,0.25
205,1,0.25
259,1,0.25
261,1,0.25
369,1,1.0
368,1,0.5
370,1,0.5
341,1,0.5
397,1,0.5
340,1,0.25
342,1,0.25
396,1,0.25
398,1,0.25
121,1,1.0
120,1,0.5
122,1,0.5
93,1,0.5
149,1,0.5
92,1,0.25
94,1,0.25
148,1,0.25
150,1,0.25
513,1,1.0
512,1,0.5
514,1,0.5
485,1,0.5
541,1,0.5
484,1,0.25
486,1,0.25
540,1,0.25
542,1,0.25
191,1,1.0
190,1,0.5
192,1,0.5
163,1,0.5
219,1,0.5
162,1,0.25
164,1,0.25
218,1,0.25
220,1,0.25
78,1,1.0
77,1,0.5
79,1,0.5
50,1,0.5
106,1,0.5
49,1,0.25
51,1,0.25
105,1,0.25
107,1,0.25
394,1,1.0
393,1,0.5
395,1,0.5
366,1,0.5
422,1,0.5
365,1,0.25
367,1,0.25
421,1,0.25
423,1,0.25
130,1,1.0
129,1,0.5
131,1,0.5
102,1,0.5
158,1,0.5
101,1,0.25
103,1,0.25
157,1,0.25
159,1,0.25
73,1,1.0
72,1,0.5
74,1,0.5
45,1,0.5
101,1,0.5
44,1,0.25
46,1,0.25
100,1,0.25
102,1,0.25
532,2,0.1
449,2,0.2
395,2,0.3
340,2,0.4
258,2,0.5
175,2,0.6
121,2,0.7
95,2,0.8
70,2,0.9
100,2,1.0
184,2,1.1
268,2,1.2
350,2,1.3
435,2,1.4
519,2,1.5
522,2,1.6
440,2,1.7
385,2,1.8
274,2,1.9
191,2,2.0
107,2,2.1
53,2,2.2
