464,0,1.0
436,0,1.0
492,0,1.0
463,0,1.0
435,0,1.0
491,0,1.0
465,0,1.0
437,0,1.0
493,0,1.0
366,0,1.0
338,0,1.0
394,0,1.0
365,0,1.0
337,0,1.0
393,0,1.0
367,0,1.0
339,0,1.0
395,0,1.0
327,0,1.0
299,0,1.0
355,0,1.0
326,0,1.0
298,0,1.0
354,0,1.0
328,0,1.0
300,0,1.0
356,0,1.0
439,0,1.0
411,0,1.0
467,0,1.0
438,0,1.0
410,0,1.0
466,0,1.0
440,0,1.0
412,0,1.0
468,0,1.0
173,0,1.0
145,0,1.0
201,0,1.0
172,0,1.0
144,0,1.0
200,0,1.0
174,0,1.0
146,0,1.0
202,0,1.0
370,0,1.0
342,0,1.0
398,0,1.0
369,0,1.0
341,0,1.0
397,0,1.0
371,0,1.0
343,0,1.0
399,0,1.0
147,0,1.0
119,0,1.0
175,0,1.0
146,0,1.0
118,0,1.0
174,0,1.0
148,0,1.0
120,0,1.0
176,0,1.0
438,0,1.0
410,0,1.0
466,0,1.0
437,0,1.0
409,0,1.0
465,0,1.0
439,0,1.0
411,0,1.0
467,0,1.0
188,0,1.0
160,0,1.0
216,0,1.0
187,0,1.0
159,0,1.0
215,0,1.0
189,0,1.0
161,0,1.0
217,0,1.0
551,0,1.0
523,0,1.0
579,0,1.0
550,0,1.0
522,0,1.0
578,0,1.0
552,0,1.0
524,0,1.0
580,0,1.0
174,0,1.0
146,0,1.0
202,0,1.0
173,0,1.0
145,0,1.0
201,0,1.0
175,0,1.0
147,0,1.0
203,0,1.0
443,1,1.0
415,1,1.0
471,1,1.0
442,1,1.0
414,1,1.0
470,1,1.0
444,1,1.0
416,1,1.0
472,1,1.0
427,1,1.0
399,1,1.0
455,1,1.0
426,1,1.0
398,1,1.0
454,1,1.0
428,1,1.0
400,1,1.0
456,1,1.0
159,1,1.0
131,1,1.0
187,1,1.0
158,1,1.0
130,1,1.0
186,1,1.0
160,1,1.0
132,1,1.0
188,1,1.0
93,1,1.0
65,1,1.0
121,1,1.0
92,1,1.0
64,1,1.0
120,1,1.0
94,1,1.0
66,1,1.0
122,1,1.0
78,1,1.0
50,1,1.0
106,1,1.0
77,1,1.0
49,1,1.0
105,1,1.0
79,1,1.0
51,1,1.0
107,1,1.0
346,1,1.0
318,1,1.0
374,1,1.0
345,1,1.0
317,1,1.0
373,1,1.0
347,1,1.0
319,1,1.0
375,1,1.0
256,1,1.0
228,1,1.0
284,1,1.0
255,1,1.0
227,1,1.0
283,1,1.0
257,1,1.0
229,1,1.0
285,1,1.0
351,1,1.0
323,1,1.0
379,1,1.0
350,1,1.0
322,1,1.0
378,1,1.0
352,1,1.0
324,1,1.0
380,1,1.0
277,1,1.0
249,1,1.0
305,1,1.0
276,1,1.0
248,1,1.0
304,1,1.0
278,1,1.0
250,1,1.0
306,1,1.0
525,1,1.0
497,1,1.0
553,1,1.0
524,1,1.0
496,1,1.0
552,1,1.0
526,1,1.0
498,1,1.0
554,1,1.0
39,1,1.0
11,1,1.0
67,1,1.0
38,1,1.0
10,1,1.0
66,1,1.0
40,1,1.0
12,1,1.0
68,1,1.0
303,1,1.0
275,1,1.0
331,1,1.0
302,1,1.0
274,1,1.0
330,1,1.0
304,1,1.0
276,1,1.0
332,1,1.0
534,2,0.1
506,2,0.05
562,20.05
533,20.05
505,20.05
561,20.05
535,20.05
507,20.05
563,20.05
537,2,0.2
509,2,0.1
565,20.1
536,20.1
508,20.1
564,20.1
538,20.1
510,20.1
566,20.1
540,2,0.3
512,2,0.15
568,20.15
539,20.15
511,20.15
567,20.15
541,20.15
513,20.15
569,20.15
516,2,0.4
488,2,0.2
544,20.2
515,20.2
487,20.2
543,20.2
517,20.2
489,20.2
545,20.2
519,2,0.5
491,2,0.25
547,20.25
518,20.25
490,20.25
546,20.25
520,20.25
492,20.25
548,20.25
494,2,0.6
466,2,0.3
522,20.3
493,20.3
465,20.3
521,20.3
495,20.3
467,20.3
523,20.3
469,2,0.7
441,2,0.35
497,20.35
468,20.35
440,20.35
496,20.35
470,20.35
442,20.35
498,20.35
472,2,0.8
444,2,0.4
500,20.4
471,20.4
443,20.4
499,20.4
473,20.4
445,20.4
501,20.4
388,2,0.9
360,2,0.45
416,20.45
387,20.45
359,20.45
415,20.45
389,20.45
361,20.45
417,20.45
275,2,1.0
247,2,0.5
303,20.5
274,20.5
246,20.5
302,20.5
276,20.5
248,20.5
304,20.5
272,2,1.1
244,2,0.55
300,20.55
271,20.55
243,20.55
299,20.55
273,20.55
245,20.55
301,20.55
213,2,1.2
185,2,0.6
241,20.6
212,20.6
184,20.6
240,20.6
214,20.6
186,20.6
242,20.6
183,2,1.3
155,2,0.65
211,20.65
182,20.65
154,20.65
210,20.65
184,20.65
156,20.65
212,20.65
180,2,1.4
152,2,0.7
208,20.7
179,20.7
151,20.7
207,20.7
181,20.7
153,20.7
209,20.7
204,2,1.5
176,2,0.75
232,20.75
203,20.75
175,20.75
231,20.75
205,20.75
177,20.75
233,20.75
258,2,1.6
230,2,0.8
286,20.8
257,20.8
229,20.8
285,20.8
259,20.8
231,20.8
287,20.8
255,2,1.7
227,2,0.85
283,20.85
254,20.85
226,20.85
282,20.85
256,20.85
228,20.85
284,20.85
252,2,1.8
224,2,0.9
280,20.9
253,20.9
225,20.9
281,20.9
168,2,1.9
140,2,0.95
196,20.95
169,20.95
141,20.95
197,20.95
85,2,2.0
57,2,1.0
113,21.0
84,21.0
56,21.0
112,21.0
86,21.0
58,21.0
114,21.0
31,2,2.1
3,2,1.05
59,21.05
30,21.05
2,21.05
58,21.05
32,21.05
4,21.05
60,21.05
6,2,2.2
34,21.1
5,21.1
33,21.1
7,21.1
35,21.1
9,2,2.3
37,21.15
8,21.15
36,21.15
10,21.15
38,21.15
13,2,2.4
41,21.2
12,21.2
40,21.2
14,21.2
42,21.2
17,2,2.5
45,21.25
16,21.25
44,21.25
18,21.25
46,21.25
20,2,2.6
48,21.3
19,21.3
47,21.3
21,21.3
49,21.3
22,2,2.7
50,21.35
21,21.35
49,21.35
23,21.35
51,21.35
25,2,2.8
53,21.4
24,21.4
52,21.4
26,21.4
54,21.4
