536,3
537,3
538,3
540,3
541,3
543,3
545,3
519,3
521,3
522,3
523,5
497,5
469,5
442,5
414,0
414,0
387,0
331,0
303,4
274,4
273,4
244,4
214,4
213,2
211,2
183,2
182,2
181,2
206,2
205,2
204,2
203,6
231,2
230,2
228,2
227,2
226,2
225,4
195,4
168,4
168,0
140,5
140,3
141,5
113,3
114,5
115,5
87,5
88,3
89,3
62,3
64,3
65,3
66,3
68,3
40,3
42,3
72,3
74,3
46,3
47,3
77,3
78,3
50,3
51,7
81,3
81,3
81,7
81,2
81,3
81,6
81,1
81,5
81,5
82,2
81,2
81,0
52,5
52,0
52,4
52,2
52,6
52,7
52,1
52,1
52,1
52,2
52,2
52,6
52,0
52,2
