673,5
668,3
668,1
673,7
677,3
679,7
681,1
686,1
692,3
690,3
686,3
691,3
701,3
701,3
694,3
695,3
703,3
705,3
706,3
715,3
731,3
737,3
738,3
741,3
745,3
742,3
734,3
726,3
714,5
692,5
664,0
639,0
617,4
601,4
580,4
557,2
547,2
548,2
547,2
544,2
551,6
570,6
586,2
583,2
567,2
559,2
552,4
532,4
516,2
504,4
488,0
464,0
438,0
408,4
382,0
356,0
338,4
322,4
300,0
281,0
264,0
244,0
218,0
195,5
172,0
147,0
120,5
102,5
92,3
83,3
76,3
84,3
92,3
93,3
94,3
104,3
114,3
117,3
122,3
131,3
136,3
140,3
149,7
160,7
167,3
167,5
167,3
167,3
167,7
167,1
172,6
178,2
180,2
180,2
178,2
177,3
