178,4
172,4
163,4
152,4
145,4
143,2
144,6
148,1
157,1
169,6
185,6
202,1
224,1
252,1
281,1
317,1
350,1
380,1
407,1
435,1
458,1
482,1
505,1
526,1
542,6
548,2
550,2
551,6
558,6
573,6
589,6
604,6
625,6
644,6
653,2
657,6
666,6
680,2
684,2
682,2
681,2
681,6
683,4
682,4
680,1
688,1
692,0
683,0
675,0
664,0
647,0
629,4
615,0
600,0
574,0
551,4
535,4
516,4
502,4
493,4
483,4
470,4
455,4
442,0
424,0
394,0
351,5
320,5
293,5
270,5
240,0
213,0
182,0
159,4
143,4
123,4
97,4
83,2
84,2
85,2
81,2
85,2
98,6
114,6
135,1
165,1
213,1
251,6
288,1
324,1
371,1
416,1
463,1
508,1
554,1
592,1
626,1
652,6
670,2
671,4
666,4
663,0
662,5
658,5
650,0
645,6
652,1
671,1
678,5
674,5
666,5
