180,5
178,5
175,5
171,0
166,4
160,4
153,4
149,4
147,3
147,7
149,7
152,7
153,7
155,7
157,6
158,2
159,2
158,0
156,0
151,4
146,4
142,2
141,6
144,6
146,6
151,1
161,1
174,6
187,6
199,6
209,7
221,7
240,1
258,1
278,6
305,6
331,6
358,6
378,6
395,6
416,1
443,1
465,6
484,6
504,6
523,6
543,6
557,2
565,6
575,6
588,2
591,4
579,0
568,0
557,0
539,5
512,5
483,0
454,0
423,0
396,0
365,0
338,4
307,4
281,0
261,5
236,5
212,0
193,4
173,0
152,0
131,4
123,2
128,6
139,6
149,6
165,6
191,6
224,6
242,6
256,6
272,6
298,6
319,6
336,6
357,1
386,1
416,6
434,6
452,6
476,6
501,6
527,6
556,1
586,1
619,1
641,6
648,6
653,1
659,1
668,1
670,7
671,4
669,6
670,3
670,3
671,3
671,3
674,1
682,1
