186,5
182,5
177,0
167,4
155,4
147,2
146,2
145,2
145,2
145,6
148,6
158,6
180,6
206,1
236,1
278,1
315,1
358,1
399,1
440,1
479,1
518,1
558,1
600,6
634,6
661,6
685,2
694,2
683,4
671,4
654,4
634,0
600,0
562,0
531,0
493,0
461,0
437,0
413,4
395,4
376,4
360,4
341,4
324,4
310,4
303,4
290,0
262,0
228,4
208,4
191,4
174,4
153,4
146,2
143,4
131,2
118,2
125,6
149,6
177,6
214,1
248,1
279,6
295,7
301,7
306,7
310,2
305,4
298,2
297,6
302,2
302,2
296,2
296,6
307,6
321,6
339,6
366,1
403,1
444,1
480,1
520,1
561,1
601,1
632,1
655,1
673,6
677,0
672,0
666,4
665,1
678,7
692,3
694,0
689,0
683,5
678,5
674,3
675,1
