672,5
670,5
666,5
664,3
664,3
663,3
663,7
668,7
676,3
678,5
673,0
670,4
667,4
663,3
664,7
670,7
677,7
688,3
694,3
691,3
685,3
688,3
695,3
697,3
700,3
713,3
730,3
737,3
744,3
751,3
754,3
746,3
740,3
737,3
731,5
712,5
688,5
664,5
638,0
612,0
586,0
557,0
523,0
501,4
480,4
456,4
427,2
416,2
420,2
421,2
423,6
436,6
455,6
469,2
480,6
497,2
512,2
514,2
518,2
522,2
517,2
502,2
493,4
486,0
461,0
425,0
396,0
366,0
337,0
314,0
295,0
271,0
241,0
221,0
192,0
158,5
142,5
133,3
127,5
117,3
112,3
109,3
98,3
83,3
79,3
85,3
87,3
92,3
108,7
126,3
134,3
139,3
151,7
164,7
168,5
167,2
166,4
165,0
162,0
159,5
157,3
158,3
158,7
158,1
164,6
