68,1,0.454678759072
91,0,0.779289971166
92,0,1.00087390808
92,2,0.70308057305
100,1,1.24786994985
102,0,0.796208617045
103,0,0.239197565677
106,0,0.246220260224
107,0,1.23762938588
108,1,0.838183719968
112,2,1.24
117,0,0.644900910096
118,0,0.767082746204
123,0,0.329640273132
124,0,0.484011348923
124,2,1.15029416855
125,2,0.210586688325
134,0,1.07705319557
135,0,0.417867792234
138,0,0.0203620838676
139,0,2.38309828114
140,0,0.48760786797
140,1,0.860811325374
141,2,0.542845238144
142,2,1.36494094763
144,2,0.76
146,2,1.36494094763
147,2,0.542845238144
149,0,0.581562485812
150,0,0.697787884827
154,2,0.180054945884
171,0,0.281023145539
171,2,0.416175514774
172,2,0.248286553114
174,2,0.188012141321
178,2,0.188012141321
185,2,0.180054945884
186,2,1.73129942315
203,2,0.909816529203
204,2,0.677691412718
234,2,0.090523631987
242,0,1.38793844921
242,2,1.31494525766
243,0,1.01724775952
243,2,0.52037166829
244,0,0.426356956446
249,2,0.0779958376736
262,0,0.881302844508
263,0,0.391713254425
265,2,0.187239673868
266,2,1.78529089446
274,0,0.147622509703
274,2,0.282647386237
275,0,0.822209903373
276,0,1.01736168401
279,1,0.859555139797
280,0,0.111649744296
280,1,0.729955956639
281,0,1.86845671183
281,2,1.693242767
282,0,0.13034813055
282,2,0.287078519021
294,0,0.913162960501
295,0,0.413709458921
313,0,0.256769558082
328,2,1.10111179783
329,2,0.670338388912
338,2,1.2548154591
339,2,0.491590241347
360,2,0.3005883371
361,2,0.0383680263617
362,1,1.00636730771
370,2,0.37663928839
376,2,1.24
377,2,0.76
394,1,0.594096611399
411,1,0.0588577535741
423,2,0.635265593604
424,2,1.05
433,2,0.805261534896
434,2,0.892119139979
442,1,0.256696821913
443,1,1.26520286649
455,2,0.107250676925
456,2,0.38058652593
465,2,0.225908683297
466,2,0.283200652377
471,2,0.755974276793
472,2,1.23344928413
486,1,0.158901991014
486,2,0.844275119243
487,1,1.48457013129
517,1,0.951239229273
518,2,1.11926167337
520,1,0.731802100939
521,1,0.95708888698
527,0,1.10164896223
528,0,0.272180443247
529,2,0.754447913574
530,2,0.837502688175
534,2,1.30358058614
535,2,0.0699740934381
538,1,1.66456965539
539,1,1.75426217872
547,2,0.368896079338
548,2,1.57514708428
549,1,0.747604198511
559,0,0.891556930311
560,0,0.154201562367
561,2,0.305479418833
562,2,0.365558199262
566,2,0.656497115746
580,2,0.150540619532
585,1,0.7977151876
586,1,0.887694357868
590,0,0.804335262694
591,0,1.28158320912
597,1,0.515512453456
598,1,0.397449875695
619,0,0.164030622233
620,0,1.12202148614
623,0,0.176030236942
625,2,0.703813285055
626,2,0.783406394888
628,2,0.629890515324
629,1,0.36528309325
629,2,0.852306661168
630,1,0.257368946024
643,2,0.3542478923
644,2,1.52198326389
651,0,0.070718674612
652,0,0.940665705646
657,2,0.375161546491
658,2,0.437918055927
660,2,0.315600997388
661,2,0.490960570429
676,2,0.248286553114
