679,3
679,3
679,3
678,4
677,2
676,2
676,3
677,3
678,7
683,7
690,3
695,3
697,3
702,7
716,3
726,3
723,3
720,3
725,3
733,3
735,3
734,3
735,3
738,3
741,3
743,3
747,3
748,3
739,3
730,3
717,5
695,0
660,0
630,5
602,5
571,0
539,0
509,0
483,0
454,4
433,2
418,2
405,4
387,2
378,2
371,2
361,2
349,2
347,2
358,2
366,2
374,6
388,6
415,6
438,6
456,6
471,6
488,2
494,2
490,2
487,2
477,4
454,4
423,4
392,0
357,0
320,0
283,0
246,5
220,5
195,5
167,5
141,5
128,3
127,3
127,3
123,3
121,3
122,3
114,3
107,3
109,3
114,3
107,3
93,3
90,3
97,3
103,3
107,3
115,7
128,7
142,7
146,3
147,3
146,1
146,1
147,5
147,3
147,7
147,0
146,0
142,0
