533,2
532,2
532,6
532,1
532,7
532,3
533,5
533,5
533,5
533,3
534,7
534,7
534,3
534,3
535,3
536,3
536,5
537,5
510,5
511,3
512,3
512,3
485,3
486,3
487,3
488,3
489,3
518,3
519,7
520,7
547,3
548,3
550,3
524,3
525,3
526,5
499,3
500,3
502,5
474,0
447,0
418,0
391,0
362,0
362,0
335,4
335,4
334,4
305,4
305,4
276,2
275,2
275,2
302,6
302,6
329,2
328,2
299,2
298,6
326,6
325,6
351,2
351,2
350,2
349,2
349,4
321,4
321,4
321,2
291,4
291,4
263,4
262,4
234,2
234,2
261,2
261,4
232,2
231,2
231,2
257,2
257,2
256,2
255,2
226,4
226,4
196,0
196,4
169,0
141,0
112,0
112,4
84,0
56,0
27,0
27,3
27,3
28,5
28,5
1,5
7,3
9,3
10,3
12,3
13,3
15,3
17,3
18,3
20,3
49,3
50,3
51,3
52,3
52,3
53,3
53,3
53,3
53,3
52,3
52,3
53,3
53,3
82,5
82,4
82,2
81,4
