682,2
684,6
692,6
699,1
701,7
703,3
706,3
707,0
706,2
706,2
706,2
708,1
712,7
716,3
715,0
714,0
711,4
707,4
704,0
704,7
705,7
706,3
707,3
707,3
707,7
710,1
713,1
719,6
721,1
725,7
732,7
736,3
738,3
739,3
745,3
749,3
741,3
736,3
741,3
747,3
745,3
746,3
757,3
766,3
766,3
765,3
767,3
767,3
760,3
747,3
739,3
731,5
719,5
696,5
675,5
654,5
628,0
598,0
563,0
529,0
497,4
467,4
438,4
407,4
375,4
354,2
340,2
328,2
313,2
310,2
324,2
335,2
338,2
339,2
335,4
322,4
299,2
286,2
289,2
292,2
285,2
271,2
266,2
262,4
248,0
232,4
216,0
206,0
190,0
160,0
131,5
116,3
109,3
106,3
100,3
94,3
87,3
78,3
65,3
66,3
74,3
82,3
86,3
90,3
95,3
91,3
81,3
81,3
94,7
108,3
117,3
126,7
136,7
142,3
142,5
140,3
140,3
140,0
140,4
138,4
137,6
137,1
139,3
139,1
142,1
