533,6
532,2
532,5
532,3
533,3
533,6
533,6
562,1
561,3
562,3
563,3
563,3
564,3
565,3
567,3
568,3
569,3
598,3
572,3
573,3
575,3
576,3
577,3
579,3
580,3
581,3
583,3
584,3
585,5
557,5
530,5
503,0
475,0
447,0
418,0
418,0
391,0
362,4
362,4
362,0
335,0
307,0
307,4
279,4
279,0
251,4
250,2
250,2
249,2
248,2
248,2
247,4
217,2
216,2
215,2
214,6
242,6
241,6
268,6
294,2
293,2
292,2
291,2
318,2
316,2
315,2
314,2
285,4
284,2
255,2
254,2
253,4
224,4
195,0
168,0
139,0
111,5
84,5
56,5
57,5
29,3
30,3
31,3
4,3
5,3
6,3
17,5
18,3
20,3
49,3
50,3
51,3
52,3
81,7
82,3
82,3
82,3
82,3
82,3
82,3
82,7
53,7
53,3
82,5
82,7
81,6
