258,0,1.0
230,0,1.0
286,0,1.0
257,0,1.0
229,0,1.0
285,0,1.0
259,0,1.0
231,0,1.0
287,0,1.0
63,0,1.0
35,0,1.0
91,0,1.0
62,0,1.0
34,0,1.0
90,0,1.0
64,0,1.0
36,0,1.0
92,0,1.0
424,0,1.0
396,0,1.0
452,0,1.0
423,0,1.0
395,0,1.0
451,0,1.0
425,0,1.0
397,0,1.0
453,0,1.0
497,0,1.0
469,0,1.0
525,0,1.0
496,0,1.0
468,0,1.0
524,0,1.0
498,0,1.0
470,0,1.0
526,0,1.0
369,0,1.0
341,0,1.0
397,0,1.0
368,0,1.0
340,0,1.0
396,0,1.0
370,0,1.0
342,0,1.0
398,0,1.0
359,0,1.0
331,0,1.0
387,0,1.0
358,0,1.0
330,0,1.0
386,0,1.0
360,0,1.0
332,0,1.0
388,0,1.0
338,0,1.0
310,0,1.0
366,0,1.0
337,0,1.0
309,0,1.0
365,0,1.0
339,0,1.0
311,0,1.0
367,0,1.0
62,0,1.0
34,0,1.0
90,0,1.0
61,0,1.0
33,0,1.0
89,0,1.0
63,0,1.0
35,0,1.0
91,0,1.0
243,0,1.0
215,0,1.0
271,0,1.0
242,0,1.0
214,0,1.0
270,0,1.0
244,0,1.0
216,0,1.0
272,0,1.0
230,0,1.0
202,0,1.0
258,0,1.0
229,0,1.0
201,0,1.0
257,0,1.0
231,0,1.0
203,0,1.0
259,0,1.0
423,0,1.0
395,0,1.0
451,0,1.0
422,0,1.0
394,0,1.0
450,0,1.0
424,0,1.0
396,0,1.0
452,0,1.0
92,0,1.0
64,0,1.0
120,0,1.0
91,0,1.0
63,0,1.0
119,0,1.0
93,0,1.0
65,0,1.0
121,0,1.0
555,1,1.0
527,1,1.0
583,1,1.0
554,1,1.0
526,1,1.0
582,1,1.0
556,1,1.0
528,1,1.0
584,1,1.0
68,1,1.0
40,1,1.0
96,1,1.0
67,1,1.0
39,1,1.0
95,1,1.0
69,1,1.0
41,1,1.0
97,1,1.0
50,1,1.0
22,1,1.0
78,1,1.0
49,1,1.0
21,1,1.0
77,1,1.0
51,1,1.0
23,1,1.0
79,1,1.0
273,1,1.0
245,1,1.0
301,1,1.0
272,1,1.0
244,1,1.0
300,1,1.0
274,1,1.0
246,1,1.0
302,1,1.0
65,1,1.0
37,1,1.0
93,1,1.0
64,1,1.0
36,1,1.0
92,1,1.0
66,1,1.0
38,1,1.0
94,1,1.0
30,1,1.0
2,1,1.0
58,1,1.0
29,1,1.0
1,1,1.0
57,1,1.0
31,1,1.0
3,1,1.0
59,1,1.0
396,1,1.0
368,1,1.0
424,1,1.0
395,1,1.0
367,1,1.0
423,1,1.0
397,1,1.0
369,1,1.0
425,1,1.0
373,1,1.0
345,1,1.0
401,1,1.0
372,1,1.0
344,1,1.0
400,1,1.0
374,1,1.0
346,1,1.0
402,1,1.0
275,1,1.0
247,1,1.0
303,1,1.0
274,1,1.0
246,1,1.0
302,1,1.0
276,1,1.0
248,1,1.0
304,1,1.0
411,1,1.0
383,1,1.0
439,1,1.0
410,1,1.0
382,1,1.0
438,1,1.0
412,1,1.0
384,1,1.0
440,1,1.0
88,1,1.0
60,1,1.0
116,1,1.0
87,1,1.0
59,1,1.0
115,1,1.0
89,1,1.0
61,1,1.0
117,1,1.0
444,1,1.0
416,1,1.0
472,1,1.0
443,1,1.0
415,1,1.0
471,1,1.0
445,1,1.0
417,1,1.0
473,1,1.0
532,2,0.1
504,2,0.05
560,2,0.05
533,2,0.05
505,2,0.05
561,2,0.05
449,2,0.2
421,2,0.1
477,2,0.1
448,2,0.1
420,2,0.1
476,2,0.1
450,2,0.1
422,2,0.1
478,2,0.1
365,2,0.3
337,2,0.15
393,2,0.15
364,2,0.15
336,2,0.15
392,2,0.15
366,2,0.15
338,2,0.15
394,2,0.15
253,2,0.4
225,2,0.2
281,2,0.2
252,2,0.2
224,2,0.2
280,2,0.2
254,2,0.2
226,2,0.2
282,2,0.2
170,2,0.5
142,2,0.25
198,2,0.25
169,2,0.25
141,2,0.25
197,2,0.25
171,2,0.25
143,2,0.25
199,2,0.25
87,2,0.6
59,2,0.3
115,2,0.3
86,2,0.3
58,2,0.3
114,2,0.3
88,2,0.3
60,2,0.3
116,2,0.3
60,2,0.7
32,2,0.35
88,2,0.35
59,2,0.35
31,2,0.35
87,2,0.35
61,2,0.35
33,2,0.35
89,2,0.35
5,2,0.8
33,2,0.4
4,2,0.4
32,2,0.4
6,2,0.4
34,2,0.4
8,2,0.9
36,2,0.45
7,2,0.45
35,2,0.45
9,2,0.45
37,2,0.45
11,2,1.0
39,2,0.5
10,2,0.5
38,2,0.5
12,2,0.5
40,2,0.5
41,2,1.1
13,2,0.55
69,2,0.55
40,2,0.55
12,2,0.55
68,2,0.55
42,2,0.55
14,2,0.55
70,2,0.55
126,2,1.2
98,2,0.6
154,2,0.6
125,2,0.6
97,2,0.6
153,2,0.6
127,2,0.6
99,2,0.6
155,2,0.6
180,2,1.3
152,2,0.65
208,2,0.65
179,2,0.65
151,2,0.65
207,2,0.65
181,2,0.65
153,2,0.65
209,2,0.65
263,2,1.4
235,2,0.7
291,2,0.7
262,2,0.7
234,2,0.7
290,2,0.7
264,2,0.7
236,2,0.7
292,2,0.7
346,2,1.5
318,2,0.75
374,2,0.75
345,2,0.75
317,2,0.75
373,2,0.75
347,2,0.75
319,2,0.75
375,2,0.75
431,2,1.6
403,2,0.8
459,2,0.8
430,2,0.8
402,2,0.8
458,2,0.8
432,2,0.8
404,2,0.8
460,2,0.8
515,2,1.7
487,2,0.85
543,2,0.85
514,2,0.85
486,2,0.85
542,2,0.85
516,2,0.85
488,2,0.85
544,2,0.85
544,2,1.8
516,2,0.9
572,2,0.9
543,2,0.9
515,2,0.9
571,2,0.9
545,2,0.9
517,2,0.9
573,2,0.9
547,2,1.9
519,2,0.95
575,2,0.95
546,2,0.95
518,2,0.95
574,2,0.95
548,2,0.95
520,2,0.95
576,2,0.95
550,2,2.0
522,2,1.0
578,2,1.0
549,2,1.0
521,2,1.0
577,2,1.0
551,2,1.0
523,2,1.0
579,2,1.0
525,2,2.1
497,2,1.05
553,2,1.05
524,2,1.05
496,2,1.05
552,2,1.05
526,2,1.05
498,2,1.05
554,2,1.05
471,2,2.2
443,2,1.1
499,2,1.1
470,2,1.1
442,2,1.1
498,2,1.1
472,2,1.1
444,2,1.1
500,2,1.1
387,2,2.3
359,2,1.15
415,2,1.15
386,2,1.15
358,2,1.15
414,2,1.15
388,2,1.15
360,2,1.15
416,2,1.15
303,2,2.4
275,2,1.2
331,2,1.2
302,2,1.2
274,2,1.2
330,2,1.2
304,2,1.2
276,2,1.2
332,2,1.2
218,2,2.5
190,2,1.25
246,2,1.25
217,2,1.25
189,2,1.25
245,2,1.25
219,2,1.25
191,2,1.25
247,2,1.25
136,2,2.6
108,2,1.3
164,2,1.3
135,2,1.3
107,2,1.3
163,2,1.3
137,2,1.3
109,2,1.3
165,2,1.3
81,2,2.7
53,2,1.35
109,2,1.35
80,2,1.35
52,2,1.35
108,2,1.35
82,2,1.35
54,2,1.35
110,2,1.35
