161,0
156,0
150,4
146,4
140,2
140,1
146,1
154,1
162,6
172,6
183,1
202,1
226,1
241,6
249,6
263,6
282,6
308,1
331,7
350,7
372,1
388,7
396,7
402,2
401,5
398,0
391,0
378,0
366,2
366,1
382,6
399,6
414,6
430,6
456,1
494,6
525,6
556,1
591,1
632,1
662,6
689,6
715,6
733,2
726,4
717,2
712,4
699,4
676,0
644,0
603,0
567,0
527,0
487,0
448,4
416,4
387,0
359,0
324,0
294,0
268,0
231,0
202,4
188,2
180,2
170,4
160,2
160,1
174,6
187,2
190,2
191,6
203,6
221,6
241,6
263,1
292,1
329,1
365,1
400,1
435,7
478,1
509,1
520,2
522,2
520,2
526,6
551,6
578,6
595,6
606,6
626,1
653,6
664,6
666,4
665,5
665,5
664,3
663,6
664,6
666,6
669,7
680,7
688,3
688,6
689,6
