660,6
666,6
675,1
681,3
683,3
682,0
677,4
675,1
677,7
686,7
698,7
700,4
691,0
679,0
671,4
669,1
675,1
684,7
691,3
694,3
691,3
689,3
695,3
707,3
713,3
710,3
708,3
715,3
716,5
707,5
697,3
693,3
687,3
688,7
705,7
728,7
737,3
733,3
728,3
732,3
740,3
736,3
725,5
711,5
693,0
674,0
657,5
640,5
621,5
599,5
578,5
548,0
525,5
501,0
483,4
474,4
462,4
450,2
450,2
458,2
459,4
447,4
431,2
422,4
410,4
390,4
362,4
346,4
333,2
326,2
329,6
336,2
341,2
349,6
367,6
394,6
414,6
433,6
453,6
475,6
496,2
502,2
501,2
500,2
496,4
482,4
461,4
439,4
415,0
393,0
366,0
338,5
316,5
300,5
282,5
257,5
234,5
206,0
173,5
151,5
134,5
117,5
105,3
110,7
125,3
132,3
134,3
142,3
158,3
164,3
161,3
162,3
168,3
166,3
156,3
156,3
163,3
165,3
162,0
156,0
149,5
149,3
149,3
149,5
147,5
146,3
146,1
147,7
147,7
147,4
147,4
147,0
146,1
