320,0,1.0
292,0,0.5
348,0,0.5
319,0,0.5
291,0,0.25
347,0,0.25
321,0,0.5
293,0,0.25
349,0,0.25
66,0,1.0
38,0,0.5
94,0,0.5
65,0,0.5
37,0,0.25
93,0,0.25
67,0,0.5
39,0,0.25
95,0,0.25
431,0,1.0
403,0,0.5
459,0,0.5
430,0,0.5
402,0,0.25
458,0,0.25
432,0,0.5
404,0,0.25
460,0,0.25
144,0,1.0
116,0,0.5
172,0,0.5
143,0,0.5
115,0,0.25
171,0,0.25
145,0,0.5
117,0,0.25
173,0,0.25
246,0,1.0
218,0,0.5
274,0,0.5
245,0,0.5
217,0,0.25
273,0,0.25
247,0,0.5
219,0,0.25
275,0,0.25
266,0,1.0
238,0,0.5
294,0,0.5
265,0,0.5
237,0,0.25
293,0,0.25
267,0,0.5
239,0,0.25
295,0,0.25
141,0,1.0
113,0,0.5
169,0,0.5
140,0,0.5
112,0,0.25
168,0,0.25
142,0,0.5
114,0,0.25
170,0,0.25
216,0,1.0
188,0,0.5
244,0,0.5
215,0,0.5
187,0,0.25
243,0,0.25
217,0,0.5
189,0,0.25
245,0,0.25
248,0,1.0
220,0,0.5
276,0,0.5
247,0,0.5
219,0,0.25
275,0,0.25
249,0,0.5
221,0,0.25
277,0,0.25
411,0,1.0
383,0,0.5
439,0,0.5
410,0,0.5
382,0,0.25
438,0,0.25
412,0,0.5
384,0,0.25
440,0,0.25
398,0,1.0
370,0,0.5
426,0,0.5
397,0,0.5
369,0,0.25
425,0,0.25
399,0,0.5
371,0,0.25
427,0,0.25
197,0,1.0
169,0,0.5
225,0,0.5
196,0,0.5
168,0,0.25
224,0,0.25
198,0,0.5
170,0,0.25
226,0,0.25
69,1,1.0
41,1,0.25
97,1,0.25
68,1,0.25
40,1,0.05
96,1,0.05
70,1,0.25
42,1,0.05
98,1,0.05
502,1,1.0
474,1,0.25
530,1,0.25
501,1,0.25
473,1,0.05
529,1,0.05
503,1,0.25
475,1,0.05
531,1,0.05
152,1,1.0
124,1,0.25
180,1,0.25
151,1,0.25
123,1,0.05
179,1,0.05
153,1,0.25
125,1,0.05
181,1,0.05
282,1,1.0
254,1,0.25
310,1,0.25
281,1,0.25
253,1,0.05
309,1,0.05
283,1,0.25
255,1,0.05
311,1,0.05
346,1,1.0
318,1,0.25
374,1,0.25
345,1,0.25
317,1,0.05
373,1,0.05
347,1,0.25
319,1,0.05
375,1,0.05
522,1,1.0
494,1,0.25
550,1,0.25
521,1,0.25
493,1,0.05
549,1,0.05
523,1,0.25
495,1,0.05
551,1,0.05
150,1,1.0
122,1,0.25
178,1,0.25
149,1,0.25
121,1,0.05
177,1,0.05
151,1,0.25
123,1,0.05
179,1,0.05
456,1,1.0
428,1,0.25
484,1,0.25
455,1,0.25
427,1,0.05
483,1,0.05
457,1,0.25
429,1,0.05
485,1,0.05
459,1,1.0
431,1,0.25
487,1,0.25
458,1,0.25
430,1,0.05
486,1,0.05
460,1,0.25
432,1,0.05
488,1,0.05
321,1,1.0
293,1,0.25
349,1,0.25
320,1,0.25
292,1,0.05
348,1,0.05
322,1,0.25
294,1,0.05
350,1,0.05
236,1,1.0
208,1,0.25
264,1,0.25
235,1,0.25
207,1,0.05
263,1,0.05
237,1,0.25
209,1,0.05
265,1,0.05
389,1,1.0
361,1,0.25
417,1,0.25
388,1,0.25
360,1,0.05
416,1,0.05
390,1,0.25
362,1,0.05
418,1,0.05
532,2,0.1
450,2,0.2
368,2,0.3
285,2,0.4
231,2,0.5
147,2,0.6
93,2,0.7
96,2,0.8
181,2,0.9
238,2,1.0
296,2,1.1
381,2,1.2
465,2,1.3
548,2,1.4
579,2,1.5
552,2,1.6
499,2,1.7
414,2,1.8
332,2,1.9
249,2,2.0
166,2,2.1
82,2,2.2
