82,5
82,5
82,0
53,0
53,0
25,4
25,1
25,4
25,4
25,4
25,4
25,5
25,7
27,7
54,7
54,7
54,1
83,1
83,7
111,7
139,1
168,1
196,1
222,1
252,1
280,1
308,1
307,1
335,1
334,6
360,6
359,6
358,2
386,2
386,2
412,6
440,6
439,6
467,6
466,6
465,6
492,2
519,2
519,6
545,6
544,6
544,6
543,6
542,2
515,2
514,4
514,4
486,4
458,0
458,0
430,4
402,0
402,5
346,5
319,0
320,0
292,0
264,5
237,5
208,0
209,0
209,5
182,5
183,5
155,0
127,0
127,5
98,0
98,4
70,4
40,4
40,0
39,4
38,2
38,2
9,2
8,4
35,2
35,2
34,2
34,2
63,2
62,6
62,1
89,6
88,2
115,6
114,6
142,6
169,6
196,6
225,6
252,1
281,1
336,1
365,1
392,1
421,1
449,1
477,1
504,1
531,1
531,6
531,6
531,1
531,1
531,7
531,6
531,4
531,4
532,1
532,7
