92,2,0.70308057305
112,1,0.618189991857
112,2,1.24
113,1,0.937735712584
124,2,1.15029416855
125,2,0.210586688325
141,2,0.542845238144
142,2,1.36494094763
144,2,0.76
146,2,1.36494094763
147,2,0.542845238144
152,1,1.34878616348
154,2,0.180054945884
171,0,1.25812493244
171,2,0.416175514774
172,0,0.02816432186
172,2,0.248286553114
174,2,0.188012141321
178,2,0.188012141321
184,1,0.368152138394
185,2,0.180054945884
186,2,1.73129942315
196,0,0.88993364918
197,0,0.741592204564
203,0,0.865011605218
203,2,0.909816529203
204,2,0.677691412718
211,1,0.981334202599
212,1,0.670862212964
228,0,0.571596723987
229,0,0.453494650732
234,2,0.090523631987
242,2,1.31494525766
243,2,0.52037166829
249,2,0.0779958376736
265,2,0.187239673868
266,2,1.78529089446
274,0,0.442289584012
274,2,0.282647386237
275,0,1.62219973063
281,2,1.693242767
282,1,0.59132179938
282,2,0.287078519021
301,1,0.710781517399
307,0,0.281431975549
314,1,0.768830562622
315,1,0.0757962857514
326,0,0.967497156086
328,2,1.10111179783
329,2,0.670338388912
331,1,0.809410578602
332,1,0.787742023125
333,1,0.981525891319
338,2,1.2548154591
339,2,0.491590241347
358,0,1.13405916256
359,0,0.0761669262573
360,2,0.3005883371
361,0,0.972913350118
361,2,0.0383680263617
362,0,0.922823204259
370,2,0.37663928839
376,2,1.24
377,2,0.76
393,0,0.333720587451
394,0,0.302386986501
405,1,0.908902205042
423,1,1.60199056378
423,2,0.635265593604
424,2,1.05
428,0,1.36097867165
429,0,0.0645141220343
430,1,0.0099528188805
433,2,0.805261534896
434,2,0.892119139979
437,1,0.795497796215
438,0,0.00597208341463
439,0,1.79725109979
440,0,0.229993099227
455,1,0.0632549135651
455,2,0.107250676925
456,2,0.38058652593
460,0,0.761999409314
461,1,0.502634940284
462,1,1.00375075889
465,2,0.225908683297
466,2,0.283200652377
471,0,0.290579424791
471,2,0.755974276793
472,2,1.23344928413
475,1,0.520342924187
486,2,0.844275119243
492,1,0.296118224521
493,1,1.09415022287
502,1,0.0453260422992
507,1,0.835386180931
508,1,0.117685706912
518,2,1.11926167337
525,1,0.177983819493
526,0,1.02701830416
527,0,1.09020733979
528,0,1.62488292228
529,0,0.172998906088
529,2,0.754447913574
530,2,0.837502688175
533,1,0.586340863014
534,1,0.827977231553
534,2,1.30358058614
535,2,0.0699740934381
547,2,0.368896079338
548,2,1.57514708428
559,0,0.0256713692689
560,0,0.48874080053
561,2,0.305479418833
562,2,0.365558199262
566,2,0.656497115746
567,0,0.598256429935
568,0,1.50674049234
580,2,0.150540619532
586,0,0.359780429257
594,0,0.444123263772
595,0,1.27646638929
600,0,0.183413099655
617,0,0.12959660609
618,0,1.76494964941
619,0,0.0923978385142
625,2,0.703813285055
626,0,0.0619970720805
626,2,0.783406394888
627,0,0.636693792242
628,2,0.629890515324
629,2,0.852306661168
643,2,0.3542478923
644,2,1.52198326389
657,2,0.375161546491
658,2,0.437918055927
660,2,0.315600997388
661,2,0.490960570429
676,2,0.248286553114
