82,6
81,6
81,3
81,3
81,6
81,4
81,4
81,4
81,0
52,7
81,1
80,6
80,6
80,6
107,1
135,1
135,1
164,1
192,1
219,1
248,1
304,1
304,6
331,6
358,1
387,1
414,6
442,6
469,6
497,6
524,2
523,2
522,2
521,2
519,2
518,4
490,4
461,4
432,0
403,0
376,0
347,0
320,0
264,0
237,0
208,0
181,5
154,5
126,0
99,0
71,4
41,4
41,4
12,2
11,2
10,2
10,2
-17,2
8,2
7,6
6,6
34,6
62,6
62,6
61,1
89,1
117,1
145,1
173,1
200,1
229,6
257,6
284,1
312,1
339,6
367,6
394,1
422,1
450,6
478,6
477,6
505,1
504,1
504,7
505,5
505,5
505,0
505,2
505,1
505,1
532,7
532,5
532,5
505,5
505,7
