140,3
140,3
140,3
140,1
141,6
142,6
143,1
144,7
145,7
147,7
152,1
161,6
169,6
173,0
169,0
162,5
158,4
156,4
152,2
150,2
149,6
150,1
153,1
159,3
161,1
165,6
175,6
191,6
211,6
240,6
267,6
293,1
322,1
357,1
386,1
412,1
441,1
462,1
480,1
495,1
511,1
533,1
558,1
574,6
577,6
579,1
586,1
594,1
602,1
606,6
608,2
608,2
611,6
623,6
638,2
642,2
640,2
639,2
642,2
643,4
640,0
632,0
625,4
618,4
609,4
592,0
573,0
558,0
547,0
531,5
505,5
478,0
444,0
410,5
376,0
344,0
318,4
307,2
306,2
310,2
308,4
303,0
280,0
246,4
223,4
204,4
190,4
175,2
170,6
181,6
192,6
204,6
222,1
246,1
270,6
292,1
319,1
349,1
374,1
394,1
420,1
459,1
493,6
521,6
549,6
574,6
602,6
620,6
634,6
646,7
651,3
650,7
651,5
651,3
650,4
648,4
645,4
643,4
642,3
642,7
643,6
644,1
647,1
