687,5
681,0
673,4
667,2
664,6
670,6
684,1
694,7
700,3
697,5
691,0
686,4
683,2
685,6
690,1
697,1
701,7
702,1
704,2
704,4
702,0
701,5
701,3
701,3
698,3
699,3
705,3
710,3
705,3
705,3
708,3
707,3
702,3
701,3
699,3
690,5
680,0
657,0
619,5
599,3
607,7
624,7
633,5
623,5
607,3
599,3
593,5
580,5
563,5
550,5
535,0
511,0
483,0
455,0
427,4
402,4
380,4
362,4
348,2
351,2
356,2
352,2
349,2
356,2
368,2
371,2
368,2
372,2
385,2
384,2
378,2
372,2
363,4
345,4
323,4
301,0
281,5
263,0
237,0
195,5
160,5
136,5
119,3
112,3
117,3
121,3
123,7
137,7
163,3
173,3
168,3
161,3
164,7
170,7
189,7
213,3
222,3
216,5
203,5
182,5
150,5
130,3
129,3
130,3
127,3
125,3
132,7
141,7
145,7
149,1
151,4
150,5
148,5
147,3
147,1
149,1
158,6
166,6
175,6
