689,0
680,5
676,5
671,0
665,2
665,6
670,6
675,7
678,3
679,3
678,5
676,0
671,5
667,3
668,3
670,3
665,3
657,3
656,7
662,7
670,3
673,3
666,5
654,3
649,3
650,3
648,5
645,3
643,5
640,3
639,3
638,3
634,5
625,5
611,3
605,3
605,3
606,3
609,3
607,3
608,7
622,7
648,7
666,3
680,3
690,3
698,3
703,3
694,5
670,5
653,5
633,5
606,0
571,0
535,0
508,0
479,4
461,4
448,4
435,4
416,4
405,2
404,2
402,4
383,4
352,4
343,1
356,1
392,1
422,6
440,6
457,6
471,2
471,4
462,2
460,2
460,2
455,4
443,2
440,6
453,6
470,6
475,2
476,2
481,2
487,2
484,4
475,4
468,2
472,2
476,2
470,2
460,2
461,1
477,1
501,6
513,2
515,2
516,2
518,2
518,2
512,4
495,4
476,4
455,4
431,0
400,0
361,0
329,0
293,0
261,5
232,5
202,5
168,5
142,3
130,3
119,5
103,5
80,5
64,3
54,3
42,3
32,3
34,3
37,3
41,3
51,7
71,7
92,3
104,3
113,3
124,7
138,7
145,3
146,3
146,3
146,1
149,1
150,2
150,7
150,3
150,7
151,7
152,3
152,5
152,1
