287,0,1.0
286,0,0.5
288,0,0.5
259,0,0.5
315,0,0.5
258,0,0.25
260,0,0.25
314,0,0.25
316,0,0.25
312,0,1.0
311,0,0.5
313,0,0.5
284,0,0.5
340,0,0.5
283,0,0.25
285,0,0.25
339,0,0.25
341,0,0.25
347,0,1.0
346,0,0.5
348,0,0.5
319,0,0.5
375,0,0.5
318,0,0.25
320,0,0.25
374,0,0.25
376,0,0.25
402,0,1.0
401,0,0.5
403,0,0.5
374,0,0.5
430,0,0.5
373,0,0.25
375,0,0.25
429,0,0.25
431,0,0.25
128,0,1.0
127,0,0.5
129,0,0.5
100,0,0.5
156,0,0.5
99,0,0.25
101,0,0.25
155,0,0.25
157,0,0.25
519,0,1.0
518,0,0.5
520,0,0.5
491,0,0.5
547,0,0.5
490,0,0.25
492,0,0.25
546,0,0.25
548,0,0.25
317,0,1.0
316,0,0.5
318,0,0.5
289,0,0.5
345,0,0.5
288,0,0.25
290,0,0.25
344,0,0.25
346,0,0.25
34,0,1.0
33,0,0.5
35,0,0.5
6,0,0.5
62,0,0.5
5,0,0.25
7,0,0.25
61,0,0.25
63,0,0.25
95,0,1.0
94,0,0.5
96,0,0.5
67,0,0.5
123,0,0.5
66,0,0.25
68,0,0.25
122,0,0.25
124,0,0.25
462,0,1.0
461,0,0.5
463,0,0.5
434,0,0.5
490,0,0.5
433,0,0.25
435,0,0.25
489,0,0.25
491,0,0.25
150,0,1.0
149,0,0.5
151,0,0.5
122,0,0.5
178,0,0.5
121,0,0.25
123,0,0.25
177,0,0.25
179,0,0.25
266,0,1.0
265,0,0.5
267,0,0.5
238,0,0.5
294,0,0.5
237,0,0.25
239,0,0.25
293,0,0.25
295,0,0.25
450,1,1.0
449,1,0.5
451,1,0.5
422,1,0.5
478,1,0.5
421,1,0.25
423,1,0.25
477,1,0.25
479,1,0.25
146,1,1.0
145,1,0.5
147,1,0.5
118,1,0.5
174,1,0.5
117,1,0.25
119,1,0.25
173,1,0.25
175,1,0.25
77,1,1.0
76,1,0.5
78,1,0.5
49,1,0.5
105,1,0.5
48,1,0.25
50,1,0.25
104,1,0.25
106,1,0.25
401,1,1.0
400,1,0.5
402,1,0.5
373,1,0.5
429,1,0.5
372,1,0.25
374,1,0.25
428,1,0.25
430,1,0.25
496,1,1.0
495,1,0.5
497,1,0.5
468,1,0.5
524,1,0.5
467,1,0.25
469,1,0.25
523,1,0.25
525,1,0.25
374,1,1.0
373,1,0.5
375,1,0.5
346,1,0.5
402,1,0.5
345,1,0.25
347,1,0.25
401,1,0.25
403,1,0.25
179,1,1.0
178,1,0.5
180,1,0.5
151,1,0.5
207,1,0.5
150,1,0.25
152,1,0.25
206,1,0.25
208,1,0.25
484,1,1.0
483,1,0.5
485,1,0.5
456,1,0.5
512,1,0.5
455,1,0.25
457,1,0.25
511,1,0.25
513,1,0.25
72,1,1.0
71,1,0.5
73,1,0.5
44,1,0.5
100,1,0.5
43,1,0.25
45,1,0.25
99,1,0.25
101,1,0.25
62,1,1.0
61,1,0.5
63,1,0.5
34,1,0.5
90,1,0.5
33,1,0.25
35,1,0.25
89,1,0.25
91,1,0.25
300,1,1.0
299,1,0.5
301,1,0.5
272,1,0.5
328,1,0.5
271,1,0.25
273,1,0.25
327,1,0.25
329,1,0.25
138,1,1.0
137,1,0.5
139,1,0.5
110,1,0.5
166,1,0.5
109,1,0.25
111,1,0.25
165,1,0.25
167,1,0.25
534,2,0.1
537,2,0.2
540,2,0.3
516,2,0.4
519,2,0.5
494,2,0.6
469,2,0.7
472,2,0.8
388,2,0.9
275,2,1.0
272,2,1.1
213,2,1.2
183,2,1.3
180,2,1.4
204,2,1.5
258,2,1.6
255,2,1.7
252,2,1.8
168,2,1.9
85,2,2.0
31,2,2.1
6,2,2.2
9,2,2.3
13,2,2.4
17,2,2.5
20,2,2.6
22,2,2.7
25,2,2.8
