672,4
666,6
667,1
674,1
682,6
690,6
696,7
700,7
705,3
704,3
703,7
705,7
721,7
741,7
750,3
749,3
747,3
746,3
743,5
731,5
709,3
703,3
711,3
716,3
714,3
706,3
703,3
710,3
718,3
718,3
716,3
719,3
725,3
722,3
712,3
702,3
700,3
703,3
694,5
673,5
655,5
641,5
624,0
601,0
569,0
542,0
524,5
511,0
504,4
498,4
490,4
474,0
453,4
442,4
431,4
414,4
399,4
379,4
362,2
352,2
342,4
329,4
313,2
299,2
294,2
283,2
271,2
276,6
295,6
314,2
317,2
314,2
319,6
330,2
331,2
320,2
309,2
308,2
307,4
297,4
278,0
269,4
260,0
247,5
233,3
220,3
211,5
201,5
185,3
175,3
172,3
168,5
155,0
122,0
92,5
74,5
61,3
52,3
44,3
36,3
38,3
45,3
51,3
49,3
38,3
31,3
34,3
42,3
50,3
60,7
77,7
105,7
130,3
137,3
139,7
143,7
149,1
151,0
151,0
149,0
149,5
148,3
149,3
149,3
149,3
149,7
150,1
