52,1
81,0
81,4
52,4
52,4
52,6
52,6
51,6
51,6
51,1
80,7
80,7
80,7
80,1
109,1
137,1
137,1
165,1
193,6
192,6
219,6
247,6
275,6
275,6
302,1
302,7
331,1
358,6
358,6
386,1
413,6
413,4
412,4
412,2
411,1
411,1
468,1
496,6
495,6
523,6
522,6
548,2
520,2
519,2
518,2
517,4
517,0
489,0
460,0
432,0
403,0
347,0
320,0
293,0
265,5
237,5
209,0
209,0
182,0
182,0
182,4
154,4
125,4
124,0
96,0
68,4
68,4
38,4
10,4
9,4
8,2
7,6
6,6
34,6
33,6
62,1
90,1
118,1
145,1
173,1
229,1
257,1
285,6
312,6
339,1
367,6
393,6
422,6
449,1
477,1
505,6
504,6
504,7
505,3
505,3
505,3
505,7
505,1
505,7
505,7
505,3
505,3
532,1
532,1
