443,0,1.0
415,0,1.0
471,0,1.0
442,0,1.0
414,0,1.0
470,0,1.0
444,0,1.0
416,0,1.0
472,0,1.0
326,0,1.0
298,0,1.0
354,0,1.0
325,0,1.0
297,0,1.0
353,0,1.0
327,0,1.0
299,0,1.0
355,0,1.0
322,0,1.0
294,0,1.0
350,0,1.0
321,0,1.0
293,0,1.0
349,0,1.0
323,0,1.0
295,0,1.0
351,0,1.0
499,0,1.0
471,0,1.0
527,0,1.0
498,0,1.0
470,0,1.0
526,0,1.0
500,0,1.0
472,0,1.0
528,0,1.0
98,0,1.0
70,0,1.0
126,0,1.0
97,0,1.0
69,0,1.0
125,0,1.0
99,0,1.0
71,0,1.0
127,0,1.0
75,0,1.0
47,0,1.0
103,0,1.0
74,0,1.0
46,0,1.0
102,0,1.0
76,0,1.0
48,0,1.0
104,0,1.0
233,0,1.0
205,0,1.0
261,0,1.0
232,0,1.0
204,0,1.0
260,0,1.0
234,0,1.0
206,0,1.0
262,0,1.0
129,0,1.0
101,0,1.0
157,0,1.0
128,0,1.0
100,0,1.0
156,0,1.0
130,0,1.0
102,0,1.0
158,0,1.0
524,0,1.0
496,0,1.0
552,0,1.0
523,0,1.0
495,0,1.0
551,0,1.0
525,0,1.0
497,0,1.0
553,0,1.0
131,0,1.0
103,0,1.0
159,0,1.0
130,0,1.0
102,0,1.0
158,0,1.0
132,0,1.0
104,0,1.0
160,0,1.0
278,0,1.0
250,0,1.0
306,0,1.0
277,0,1.0
249,0,1.0
305,0,1.0
279,0,1.0
251,0,1.0
307,0,1.0
402,0,1.0
374,0,1.0
430,0,1.0
401,0,1.0
373,0,1.0
429,0,1.0
403,0,1.0
375,0,1.0
431,0,1.0
318,1,1.0
290,1,1.0
346,1,1.0
317,1,1.0
289,1,1.0
345,1,1.0
319,1,1.0
291,1,1.0
347,1,1.0
175,1,1.0
147,1,1.0
203,1,1.0
174,1,1.0
146,1,1.0
202,1,1.0
176,1,1.0
148,1,1.0
204,1,1.0
492,1,1.0
464,1,1.0
520,1,1.0
491,1,1.0
463,1,1.0
519,1,1.0
493,1,1.0
465,1,1.0
521,1,1.0
96,1,1.0
68,1,1.0
124,1,1.0
95,1,1.0
67,1,1.0
123,1,1.0
97,1,1.0
69,1,1.0
125,1,1.0
165,1,1.0
137,1,1.0
193,1,1.0
164,1,1.0
136,1,1.0
192,1,1.0
166,1,1.0
138,1,1.0
194,1,1.0
127,1,1.0
99,1,1.0
155,1,1.0
126,1,1.0
98,1,1.0
154,1,1.0
128,1,1.0
100,1,1.0
156,1,1.0
389,1,1.0
361,1,1.0
417,1,1.0
388,1,1.0
360,1,1.0
416,1,1.0
390,1,1.0
362,1,1.0
418,1,1.0
389,1,1.0
361,1,1.0
417,1,1.0
388,1,1.0
360,1,1.0
416,1,1.0
390,1,1.0
362,1,1.0
418,1,1.0
91,1,1.0
63,1,1.0
119,1,1.0
90,1,1.0
62,1,1.0
118,1,1.0
92,1,1.0
64,1,1.0
120,1,1.0
454,1,1.0
426,1,1.0
482,1,1.0
453,1,1.0
425,1,1.0
481,1,1.0
455,1,1.0
427,1,1.0
483,1,1.0
459,1,1.0
431,1,1.0
487,1,1.0
458,1,1.0
430,1,1.0
486,1,1.0
460,1,1.0
432,1,1.0
488,1,1.0
373,1,1.0
345,1,1.0
401,1,1.0
372,1,1.0
344,1,1.0
400,1,1.0
374,1,1.0
346,1,1.0
402,1,1.0
534,2,0.1
506,2,0.05
562,2,0.05
533,2,0.05
505,2,0.05
561,2,0.05
535,2,0.05
507,2,0.05
563,2,0.05
537,2,0.2
509,2,0.1
565,2,0.1
536,2,0.1
508,2,0.1
564,2,0.1
538,2,0.1
510,2,0.1
566,2,0.1
540,2,0.3
512,2,0.15
568,2,0.15
539,2,0.15
511,2,0.15
567,2,0.15
541,2,0.15
513,2,0.15
569,2,0.15
543,2,0.4
515,2,0.2
571,2,0.2
542,2,0.2
514,2,0.2
570,2,0.2
544,2,0.2
516,2,0.2
572,2,0.2
546,2,0.5
518,2,0.25
574,2,0.25
545,2,0.25
517,2,0.25
573,2,0.25
547,2,0.25
519,2,0.25
575,2,0.25
549,2,0.6
521,2,0.3
577,2,0.3
548,2,0.3
520,2,0.3
576,2,0.3
550,2,0.3
522,2,0.3
578,2,0.3
552,2,0.7
524,2,0.35
580,2,0.35
551,2,0.35
523,2,0.35
579,2,0.35
553,2,0.35
525,2,0.35
581,2,0.35
555,2,0.8
527,2,0.4
583,2,0.4
554,2,0.4
526,2,0.4
582,2,0.4
556,2,0.4
528,2,0.4
584,2,0.4
503,2,0.9
475,2,0.45
531,2,0.45
502,2,0.45
474,2,0.45
530,2,0.45
418,2,1.0
390,2,0.5
446,2,0.5
417,2,0.5
389,2,0.5
445,2,0.5
419,2,0.5
391,2,0.5
447,2,0.5
415,2,1.1
387,2,0.55
443,2,0.55
414,2,0.55
386,2,0.55
442,2,0.55
416,2,0.55
388,2,0.55
444,2,0.55
412,2,1.2
384,2,0.6
440,2,0.6
411,2,0.6
383,2,0.6
439,2,0.6
413,2,0.6
385,2,0.6
441,2,0.6
438,2,1.3
410,2,0.65
466,2,0.65
437,2,0.65
409,2,0.65
465,2,0.65
439,2,0.65
411,2,0.65
467,2,0.65
435,2,1.4
407,2,0.7
463,2,0.7
434,2,0.7
406,2,0.7
462,2,0.7
436,2,0.7
408,2,0.7
464,2,0.7
432,2,1.5
404,2,0.75
460,2,0.75
431,2,0.75
403,2,0.75
459,2,0.75
433,2,0.75
405,2,0.75
461,2,0.75
400,2,1.6
372,2,0.8
428,2,0.8
399,2,0.8
371,2,0.8
427,2,0.8
401,2,0.8
373,2,0.8
429,2,0.8
371,2,1.7
343,2,0.85
399,2,0.85
370,2,0.85
342,2,0.85
398,2,0.85
372,2,0.85
344,2,0.85
400,2,0.85
259,2,1.8
231,2,0.9
287,2,0.9
258,2,0.9
230,2,0.9
286,2,0.9
260,2,0.9
232,2,0.9
288,2,0.9
202,2,1.9
174,2,0.95
230,2,0.95
201,2,0.95
173,2,0.95
229,2,0.95
203,2,0.95
175,2,0.95
231,2,0.95
172,2,2.0
144,2,1.0
200,2,1.0
171,2,1.0
143,2,1.0
199,2,1.0
173,2,1.0
145,2,1.0
201,2,1.0
88,2,2.1
60,2,1.05
116,2,1.05
87,2,1.05
59,2,1.05
115,2,1.05
89,2,1.05
61,2,1.05
117,2,1.05
34,2,2.2
6,2,1.1
62,2,1.1
33,2,1.1
5,2,1.1
61,2,1.1
35,2,1.1
7,2,1.1
63,2,1.1
9,2,2.3
37,2,1.15
8,2,1.15
36,2,1.15
10,2,1.15
38,2,1.15
13,2,2.4
41,2,1.2
12,2,1.2
40,2,1.2
14,2,1.2
42,2,1.2
17,2,2.5
45,2,1.25
16,2,1.25
44,2,1.25
18,2,1.25
46,2,1.25
20,2,2.6
48,2,1.3
19,2,1.3
47,2,1.3
21,2,1.3
49,2,1.3
22,2,2.7
50,2,1.35
21,2,1.35
49,2,1.35
23,2,1.35
51,2,1.35
25,2,2.8
53,2,1.4
24,2,1.4
52,2,1.4
26,2,1.4
54,2,1.4
