63,0,1.0
35,0,1.0
91,0,1.0
62,0,1.0
34,0,1.0
90,0,1.0
64,0,1.0
36,0,1.0
92,0,1.0
193,0,1.0
165,0,1.0
221,0,1.0
192,0,1.0
164,0,1.0
220,0,1.0
194,0,1.0
166,0,1.0
222,0,1.0
285,0,1.0
257,0,1.0
313,0,1.0
284,0,1.0
256,0,1.0
312,0,1.0
286,0,1.0
258,0,1.0
314,0,1.0
104,0,1.0
76,0,1.0
132,0,1.0
103,0,1.0
75,0,1.0
131,0,1.0
105,0,1.0
77,0,1.0
133,0,1.0
389,0,1.0
361,0,1.0
417,0,1.0
388,0,1.0
360,0,1.0
416,0,1.0
390,0,1.0
362,0,1.0
418,0,1.0
59,0,1.0
31,0,1.0
87,0,1.0
58,0,1.0
30,0,1.0
86,0,1.0
60,0,1.0
32,0,1.0
88,0,1.0
360,0,1.0
332,0,1.0
388,0,1.0
359,0,1.0
331,0,1.0
387,0,1.0
361,0,1.0
333,0,1.0
389,0,1.0
302,0,1.0
274,0,1.0
330,0,1.0
301,0,1.0
273,0,1.0
329,0,1.0
303,0,1.0
275,0,1.0
331,0,1.0
50,0,1.0
22,0,1.0
78,0,1.0
49,0,1.0
21,0,1.0
77,0,1.0
51,0,1.0
23,0,1.0
79,0,1.0
179,0,1.0
151,0,1.0
207,0,1.0
178,0,1.0
150,0,1.0
206,0,1.0
180,0,1.0
152,0,1.0
208,0,1.0
383,0,1.0
355,0,1.0
411,0,1.0
382,0,1.0
354,0,1.0
410,0,1.0
384,0,1.0
356,0,1.0
412,0,1.0
208,0,1.0
180,0,1.0
236,0,1.0
207,0,1.0
179,0,1.0
235,0,1.0
209,0,1.0
181,0,1.0
237,0,1.0
71,1,1.0
43,1,1.0
99,1,1.0
70,1,1.0
42,1,1.0
98,1,1.0
72,1,1.0
44,1,1.0
100,1,1.0
484,1,1.0
456,1,1.0
512,1,1.0
483,1,1.0
455,1,1.0
511,1,1.0
485,1,1.0
457,1,1.0
513,1,1.0
481,1,1.0
453,1,1.0
509,1,1.0
480,1,1.0
452,1,1.0
508,1,1.0
482,1,1.0
454,1,1.0
510,1,1.0
1,1,1.0
29,1,1.0
0,1,1.0
28,1,1.0
2,1,1.0
30,1,1.0
244,1,1.0
216,1,1.0
272,1,1.0
243,1,1.0
215,1,1.0
271,1,1.0
245,1,1.0
217,1,1.0
273,1,1.0
241,1,1.0
213,1,1.0
269,1,1.0
240,1,1.0
212,1,1.0
268,1,1.0
242,1,1.0
214,1,1.0
270,1,1.0
260,1,1.0
232,1,1.0
288,1,1.0
259,1,1.0
231,1,1.0
287,1,1.0
261,1,1.0
233,1,1.0
289,1,1.0
268,1,1.0
240,1,1.0
296,1,1.0
267,1,1.0
239,1,1.0
295,1,1.0
269,1,1.0
241,1,1.0
297,1,1.0
87,1,1.0
59,1,1.0
115,1,1.0
86,1,1.0
58,1,1.0
114,1,1.0
88,1,1.0
60,1,1.0
116,1,1.0
170,1,1.0
142,1,1.0
198,1,1.0
169,1,1.0
141,1,1.0
197,1,1.0
171,1,1.0
143,1,1.0
199,1,1.0
93,1,1.0
65,1,1.0
121,1,1.0
92,1,1.0
64,1,1.0
120,1,1.0
94,1,1.0
66,1,1.0
122,1,1.0
438,1,1.0
410,1,1.0
466,1,1.0
437,1,1.0
409,1,1.0
465,1,1.0
439,1,1.0
411,1,1.0
467,1,1.0
532,2,0.1
504,2,0.05
560,2,0.05
533,2,0.05
505,2,0.05
561,2,0.05
450,2,0.2
422,2,0.1
478,2,0.1
449,2,0.1
421,2,0.1
477,2,0.1
451,2,0.1
423,2,0.1
479,2,0.1
367,2,0.3
339,2,0.15
395,2,0.15
366,2,0.15
338,2,0.15
394,2,0.15
368,2,0.15
340,2,0.15
396,2,0.15
256,2,0.4
228,2,0.2
284,2,0.2
255,2,0.2
227,2,0.2
283,2,0.2
257,2,0.2
229,2,0.2
285,2,0.2
172,2,0.5
144,2,0.25
200,2,0.25
171,2,0.25
143,2,0.25
199,2,0.25
173,2,0.25
145,2,0.25
201,2,0.25
118,2,0.6
90,2,0.3
146,2,0.3
117,2,0.3
89,2,0.3
145,2,0.3
119,2,0.3
91,2,0.3
147,2,0.3
91,2,0.7
63,2,0.35
119,2,0.35
90,2,0.35
62,2,0.35
118,2,0.35
92,2,0.35
64,2,0.35
120,2,0.35
37,2,0.8
9,2,0.4
65,2,0.4
36,2,0.4
8,2,0.4
64,2,0.4
38,2,0.4
10,2,0.4
66,2,0.4
40,2,0.9
12,2,0.45
68,2,0.45
39,2,0.45
11,2,0.45
67,2,0.45
41,2,0.45
13,2,0.45
69,2,0.45
72,2,1.0
44,2,0.5
100,2,0.5
71,2,0.5
43,2,0.5
99,2,0.5
73,2,0.5
45,2,0.5
101,2,0.5
156,2,1.1
128,2,0.55
184,2,0.55
155,2,0.55
127,2,0.55
183,2,0.55
157,2,0.55
129,2,0.55
185,2,0.55
182,2,1.2
154,2,0.6
210,2,0.6
181,2,0.6
153,2,0.6
209,2,0.6
183,2,0.6
155,2,0.6
211,2,0.6
264,2,1.3
236,2,0.65
292,2,0.65
263,2,0.65
235,2,0.65
291,2,0.65
265,2,0.65
237,2,0.65
293,2,0.65
318,2,1.4
290,2,0.7
346,2,0.7
317,2,0.7
289,2,0.7
345,2,0.7
319,2,0.7
291,2,0.7
347,2,0.7
401,2,1.5
373,2,0.75
429,2,0.75
400,2,0.75
372,2,0.75
428,2,0.75
402,2,0.75
374,2,0.75
430,2,0.75
460,2,1.6
432,2,0.8
488,2,0.8
459,2,0.8
431,2,0.8
487,2,0.8
461,2,0.8
433,2,0.8
489,2,0.8
545,2,1.7
517,2,0.85
573,2,0.85
544,2,0.85
516,2,0.85
572,2,0.85
546,2,0.85
518,2,0.85
574,2,0.85
548,2,1.8
520,2,0.9
576,2,0.9
547,2,0.9
519,2,0.9
575,2,0.9
549,2,0.9
521,2,0.9
577,2,0.9
551,2,1.9
523,2,0.95
579,2,0.95
550,2,0.95
522,2,0.95
578,2,0.95
552,2,0.95
524,2,0.95
580,2,0.95
525,2,2.0
497,2,1.0
553,2,1.0
524,2,1.0
496,2,1.0
552,2,1.0
526,2,1.0
498,2,1.0
554,2,1.0
471,2,2.1
443,2,1.05
499,2,1.05
470,2,1.05
442,2,1.05
498,2,1.05
472,2,1.05
444,2,1.05
500,2,1.05
387,2,2.2
359,2,1.1
415,2,1.1
386,2,1.1
358,2,1.1
414,2,1.1
388,2,1.1
360,2,1.1
416,2,1.1
304,2,2.3
276,2,1.15
332,2,1.15
303,2,1.15
275,2,1.15
331,2,1.15
305,2,1.15
277,2,1.15
333,2,1.15
219,2,2.4
191,2,1.2
247,2,1.2
218,2,1.2
190,2,1.2
246,2,1.2
220,2,1.2
192,2,1.2
248,2,1.2
137,2,2.5
109,2,1.25
165,2,1.25
136,2,1.25
108,2,1.25
164,2,1.25
138,2,1.25
110,2,1.25
166,2,1.25
53,2,2.6
25,2,1.3
81,2,1.3
52,2,1.3
24,2,1.3
80,2,1.3
54,2,1.3
26,2,1.3
82,2,1.3
