153,1
164,6
175,1
181,3
182,3
180,0
174,4
163,4
159,3
158,7
163,3
170,3
173,3
175,7
178,1
180,1
186,6
197,1
211,1
225,1
248,7
278,1
301,1
330,6
358,1
385,1
419,6
438,6
451,6
470,6
490,6
508,6
528,6
547,6
566,6
589,6
614,6
640,6
653,6
660,2
665,6
674,2
677,2
672,4
659,4
646,0
641,3
645,7
654,7
663,1
667,5
661,5
652,5
636,5
616,5
597,0
577,0
570,6
573,6
578,6
588,1
594,1
609,6
631,6
639,4
628,2
622,2
619,2
613,4
594,0
561,0
534,0
510,0
485,0
472,5
461,5
449,0
434,0
410,0
387,0
370,0
356,4
341,4
327,4
319,4
310,4
302,4
294,4
287,4
282,0
273,4
264,2
259,4
254,2
254,6
261,6
276,6
285,2
280,2
270,2
268,6
277,6
284,6
289,1
294,1
308,1
318,6
320,2
319,2
322,6
332,6
353,6
371,6
390,6
412,1
441,1
472,1
503,1
542,1
577,1
615,1
643,1
659,1
672,1
679,7
681,7
682,6
683,2
684,2
684,2
685,6
686,1
688,1
688,6
689,7
