160,1
164,6
166,4
163,4
155,4
144,0
133,4
126,4
123,1
126,1
129,7
131,7
135,7
142,7
149,7
152,3
152,4
149,4
146,1
150,1
159,6
168,6
173,4
170,4
167,6
173,1
183,7
188,3
195,7
214,1
242,1
272,1
306,1
335,1
362,6
389,6
411,6
430,6
437,2
437,2
440,6
449,6
470,6
492,6
509,1
529,7
557,7
591,1
621,1
646,1
668,1
691,6
702,2
701,2
698,2
705,6
725,6
741,2
744,2
743,2
744,2
743,4
737,4
732,4
721,0
701,0
668,0
634,0
606,5
583,5
559,5
535,0
512,0
488,0
463,0
441,0
418,0
394,0
367,0
339,0
318,4
301,4
280,4
260,0
235,4
215,4
196,4
179,4
159,4
140,2
134,2
133,2
125,4
114,2
117,6
132,6
146,2
154,2
165,6
182,6
208,6
227,2
238,6
251,6
272,1
296,1
317,1
340,7
360,1
379,1
399,1
421,1
436,6
439,2
441,2
445,6
456,6
469,6
481,1
497,1
516,6
541,1
575,1
609,1
641,1
661,6
670,1
673,3
674,3
672,3
672,7
674,3
677,7
679,1
683,6
685,4
684,5
