688,4
682,2
679,1
684,1
692,7
700,3
702,5
693,5
683,4
680,6
688,1
696,7
703,3
704,3
702,5
696,5
688,3
686,3
686,3
678,3
667,3
659,5
646,5
634,3
633,3
627,5
609,5
601,7
619,7
641,7
654,3
656,3
662,7
679,7
692,3
691,3
681,3
676,3
676,3
670,5
655,5
645,3
637,5
624,5
599,0
577,5
567,3
564,5
561,0
556,4
549,4
545,0
536,0
523,4
512,4
500,4
487,4
471,4
446,4
427,2
418,4
405,4
385,4
374,2
370,2
369,2
367,2
366,2
367,6
380,6
408,6
426,2
430,2
431,4
419,2
413,6
426,2
435,4
425,4
399,4
380,2
373,2
362,4
344,4
323,4
309,2
294,4
272,0
248,0
231,0
204,0
172,5
150,5
127,5
101,5
84,3
78,3
82,3
81,3
74,3
81,3
96,3
106,3
117,7
134,7
160,7
174,3
174,3
171,3
167,5
151,5
119,5
92,5
74,5
59,3
51,3
51,7
66,7
84,7
103,7
118,1
133,1
148,1
155,7
160,7
162,3
162,5
161,2
160,2
159,2
158,2
159,4
