186,0
183,0
179,4
178,2
178,2
177,6
180,1
184,3
185,4
181,2
178,2
179,6
191,1
214,1
244,1
278,1
308,1
345,1
380,1
413,1
449,1
484,1
511,1
543,1
575,1
611,6
639,6
664,6
690,6
716,2
724,2
718,4
705,4
689,4
677,0
658,0
628,0
599,0
570,0
541,0
514,4
492,4
466,4
441,0
417,0
394,0
362,0
331,0
298,4
275,4
251,4
225,4
202,2
194,2
202,6
212,2
217,2
227,6
249,6
275,6
302,6
332,6
368,1
407,6
438,6
473,1
507,1
542,6
570,6
596,6
620,6
641,6
650,2
647,4
640,4
637,6
640,1
653,7
666,1
671,2
671,5
666,5
659,5
652,5
650,1
