505,3
506,3
506,3
506,1
506,1
506,1
506,1
533,3
533,3
534,7
534,3
535,3
536,3
537,3
539,3
540,3
541,3
542,3
544,3
545,3
546,3
520,3
548,3
522,3
523,3
524,3
525,3
527,5
528,5
500,5
473,0
445,4
444,4
415,4
387,4
358,4
330,2
329,4
300,2
298,2
297,2
296,2
294,2
293,2
292,2
263,2
261,2
232,2
231,2
229,4
199,4
171,4
170,4
142,0
114,5
87,5
87,5
60,3
61,3
62,3
64,3
64,3
65,3
67,3
68,5
69,3
41,3
42,3
43,5
17,5
17,3
20,7
20,7
49,3
50,3
51,3
52,3
52,7
53,3
53,3
53,5
53,4
53,1
53,1
53,7
53,7
53,7
82,1
82,1
82,1
