547,0,1.0
519,0,1.0
575,0,1.0
546,0,1.0
518,0,1.0
574,0,1.0
548,0,1.0
520,0,1.0
576,0,1.0
516,0,1.0
488,0,1.0
544,0,1.0
515,0,1.0
487,0,1.0
543,0,1.0
517,0,1.0
489,0,1.0
545,0,1.0
376,0,1.0
348,0,1.0
404,0,1.0
375,0,1.0
347,0,1.0
403,0,1.0
377,0,1.0
349,0,1.0
405,0,1.0
318,0,1.0
290,0,1.0
346,0,1.0
317,0,1.0
289,0,1.0
345,0,1.0
319,0,1.0
291,0,1.0
347,0,1.0
259,0,1.0
231,0,1.0
287,0,1.0
258,0,1.0
230,0,1.0
286,0,1.0
260,0,1.0
232,0,1.0
288,0,1.0
312,0,1.0
284,0,1.0
340,0,1.0
311,0,1.0
283,0,1.0
339,0,1.0
313,0,1.0
285,0,1.0
341,0,1.0
315,0,1.0
287,0,1.0
343,0,1.0
314,0,1.0
286,0,1.0
342,0,1.0
316,0,1.0
288,0,1.0
344,0,1.0
322,0,1.0
294,0,1.0
350,0,1.0
321,0,1.0
293,0,1.0
349,0,1.0
323,0,1.0
295,0,1.0
351,0,1.0
126,0,1.0
98,0,1.0
154,0,1.0
125,0,1.0
97,0,1.0
153,0,1.0
127,0,1.0
99,0,1.0
155,0,1.0
370,0,1.0
342,0,1.0
398,0,1.0
369,0,1.0
341,0,1.0
397,0,1.0
371,0,1.0
343,0,1.0
399,0,1.0
356,0,1.0
328,0,1.0
384,0,1.0
355,0,1.0
327,0,1.0
383,0,1.0
357,0,1.0
329,0,1.0
385,0,1.0
134,0,1.0
106,0,1.0
162,0,1.0
133,0,1.0
105,0,1.0
161,0,1.0
135,0,1.0
107,0,1.0
163,0,1.0
288,1,1.0
260,1,1.0
316,1,1.0
287,1,1.0
259,1,1.0
315,1,1.0
289,1,1.0
261,1,1.0
317,1,1.0
468,1,1.0
440,1,1.0
496,1,1.0
467,1,1.0
439,1,1.0
495,1,1.0
469,1,1.0
441,1,1.0
497,1,1.0
402,1,1.0
374,1,1.0
430,1,1.0
401,1,1.0
373,1,1.0
429,1,1.0
403,1,1.0
375,1,1.0
431,1,1.0
210,1,1.0
182,1,1.0
238,1,1.0
209,1,1.0
181,1,1.0
237,1,1.0
211,1,1.0
183,1,1.0
239,1,1.0
315,1,1.0
287,1,1.0
343,1,1.0
314,1,1.0
286,1,1.0
342,1,1.0
316,1,1.0
288,1,1.0
344,1,1.0
482,1,1.0
454,1,1.0
510,1,1.0
481,1,1.0
453,1,1.0
509,1,1.0
483,1,1.0
455,1,1.0
511,1,1.0
161,1,1.0
133,1,1.0
189,1,1.0
160,1,1.0
132,1,1.0
188,1,1.0
162,1,1.0
134,1,1.0
190,1,1.0
445,1,1.0
417,1,1.0
473,1,1.0
444,1,1.0
416,1,1.0
472,1,1.0
446,1,1.0
418,1,1.0
474,1,1.0
81,1,1.0
53,1,1.0
109,1,1.0
80,1,1.0
52,1,1.0
108,1,1.0
82,1,1.0
54,1,1.0
110,1,1.0
272,1,1.0
244,1,1.0
300,1,1.0
271,1,1.0
243,1,1.0
299,1,1.0
273,1,1.0
245,1,1.0
301,1,1.0
153,1,1.0
125,1,1.0
181,1,1.0
152,1,1.0
124,1,1.0
180,1,1.0
154,1,1.0
126,1,1.0
182,1,1.0
263,1,1.0
235,1,1.0
291,1,1.0
262,1,1.0
234,1,1.0
290,1,1.0
264,1,1.0
236,1,1.0
292,1,1.0
532,2,0.1
504,2,0.05
560,20.05
533,20.05
505,20.05
561,20.05
449,2,0.2
421,2,0.1
477,20.1
448,20.1
420,20.1
476,20.1
450,20.1
422,20.1
478,20.1
395,2,0.3
367,2,0.15
423,20.15
394,20.15
366,20.15
422,20.15
396,20.15
368,20.15
424,20.15
340,2,0.4
312,2,0.2
368,20.2
339,20.2
311,20.2
367,20.2
341,20.2
313,20.2
369,20.2
258,2,0.5
230,2,0.25
286,20.25
257,20.25
229,20.25
285,20.25
259,20.25
231,20.25
287,20.25
175,2,0.6
147,2,0.3
203,20.3
174,20.3
146,20.3
202,20.3
176,20.3
148,20.3
204,20.3
121,2,0.7
93,2,0.35
149,20.35
120,20.35
92,20.35
148,20.35
122,20.35
94,20.35
150,20.35
95,2,0.8
67,2,0.4
123,20.4
94,20.4
66,20.4
122,20.4
96,20.4
68,20.4
124,20.4
70,2,0.9
42,2,0.45
98,20.45
69,20.45
41,20.45
97,20.45
71,20.45
43,20.45
99,20.45
100,2,1.0
72,2,0.5
128,20.5
99,20.5
71,20.5
127,20.5
101,20.5
73,20.5
129,20.5
184,2,1.1
156,2,0.55
212,20.55
183,20.55
155,20.55
211,20.55
185,20.55
157,20.55
213,20.55
268,2,1.2
240,2,0.6
296,20.6
267,20.6
239,20.6
295,20.6
269,20.6
241,20.6
297,20.6
350,2,1.3
322,2,0.65
378,20.65
349,20.65
321,20.65
377,20.65
351,20.65
323,20.65
379,20.65
435,2,1.4
407,2,0.7
463,20.7
434,20.7
406,20.7
462,20.7
436,20.7
408,20.7
464,20.7
519,2,1.5
491,2,0.75
547,20.75
518,20.75
490,20.75
546,20.75
520,20.75
492,20.75
548,20.75
522,2,1.6
494,2,0.8
550,20.8
521,20.8
493,20.8
549,20.8
523,20.8
495,20.8
551,20.8
440,2,1.7
412,2,0.85
468,20.85
439,20.85
411,20.85
467,20.85
441,20.85
413,20.85
469,20.85
385,2,1.8
357,2,0.9
413,20.9
384,20.9
356,20.9
412,20.9
386,20.9
358,20.9
414,20.9
274,2,1.9
246,2,0.95
302,20.95
273,20.95
245,20.95
301,20.95
275,20.95
247,20.95
303,20.95
191,2,2.0
163,2,1.0
219,21.0
190,21.0
162,21.0
218,21.0
192,21.0
164,21.0
220,21.0
107,2,2.1
79,2,1.05
135,21.05
106,21.05
78,21.05
134,21.05
108,21.05
80,21.05
136,21.05
53,2,2.2
25,2,1.1
81,21.1
52,21.1
24,21.1
80,21.1
54,21.1
26,21.1
82,21.1
