137,1
147,6
162,6
172,6
175,5
174,7
174,0
173,6
174,2
175,6
178,6
186,6
205,6
228,6
247,6
268,6
293,1
325,6
357,6
386,6
414,1
447,6
478,6
506,6
525,6
547,6
570,6
588,2
597,2
598,2
595,0
586,0
565,0
542,0
510,0
477,0
444,5
409,0
375,0
333,0
296,0
259,0
227,0
197,0
171,0
147,4
133,2
131,2
134,2
139,6
149,6
170,1
198,6
220,6
237,6
250,6
266,6
278,2
285,2
293,6
313,6
335,6
355,6
379,6
409,6
441,6
468,6
498,1
533,1
569,1
596,1
619,7
633,7
641,7
651,6
667,6
677,6
680,3
681,3
680,5
679,5
678,3
677,5
677,0
676,5
675,5
675,3
674,3
