533,7
533,1
533,6
532,3
533,5
533,5
533,6
533,1
533,1
533,7
533,5
533,5
507,3
508,3
535,3
536,3
510,5
510,3
511,3
512,3
485,3
486,3
488,3
489,3
490,3
491,3
492,3
493,3
494,3
494,3
523,3
524,5
497,5
497,5
498,3
470,5
471,0
443,0
442,0
414,0
414,4
413,4
386,4
386,0
386,4
386,2
385,6
385,2
384,2
384,2
383,2
382,2
381,2
351,2
350,2
349,2
348,4
320,4
319,4
290,2
260,4
259,4
230,4
230,2
229,0
229,5
200,5
174,0
174,0
146,0
146,0
118,5
118,5
91,5
63,5
64,3
65,3
37,5
38,5
12,3
13,3
15,3
18,3
20,3
22,3
22,3
51,3
52,3
53,3
54,3
54,3
83,7
83,6
83,1
83,7
83,2
83,7
83,4
83,2
83,1
