694,3
689,5
682,3
682,3
688,3
690,3
682,3
681,3
692,3
703,3
707,3
708,3
714,3
721,3
720,3
715,3
715,3
720,3
719,3
711,5
699,5
686,5
670,5
647,5
620,5
597,5
579,5
565,0
543,0
515,4
488,0
454,4
427,4
408,2
394,2
380,2
368,2
366,2
371,2
373,2
377,2
388,6
408,6
423,2
433,2
443,2
455,2
462,2
456,2
442,4
426,4
407,4
381,0
346,0
311,0
276,0
241,5
216,5
195,5
175,5
154,3
145,3
145,3
141,3
132,3
125,3
126,3
126,3
122,3
118,3
123,3
124,3
116,3
106,3
113,7
128,3
136,3
136,3
137,3
140,7
142,7
143,6
145,6
146,3
146,0
146,0
144,3
144,5
144,5
