188,0,1.0
160,0,1.0
216,0,1.0
187,0,1.0
159,0,1.0
215,0,1.0
189,0,1.0
161,0,1.0
217,0,1.0
460,0,1.0
432,0,1.0
488,0,1.0
459,0,1.0
431,0,1.0
487,0,1.0
461,0,1.0
433,0,1.0
489,0,1.0
103,0,1.0
75,0,1.0
131,0,1.0
102,0,1.0
74,0,1.0
130,0,1.0
104,0,1.0
76,0,1.0
132,0,1.0
517,0,1.0
489,0,1.0
545,0,1.0
516,0,1.0
488,0,1.0
544,0,1.0
518,0,1.0
490,0,1.0
546,0,1.0
128,0,1.0
100,0,1.0
156,0,1.0
127,0,1.0
99,0,1.0
155,0,1.0
129,0,1.0
101,0,1.0
157,0,1.0
440,0,1.0
412,0,1.0
468,0,1.0
439,0,1.0
411,0,1.0
467,0,1.0
441,0,1.0
413,0,1.0
469,0,1.0
71,0,1.0
43,0,1.0
99,0,1.0
70,0,1.0
42,0,1.0
98,0,1.0
72,0,1.0
44,0,1.0
100,0,1.0
465,0,1.0
437,0,1.0
493,0,1.0
464,0,1.0
436,0,1.0
492,0,1.0
466,0,1.0
438,0,1.0
494,0,1.0
439,0,1.0
411,0,1.0
467,0,1.0
438,0,1.0
410,0,1.0
466,0,1.0
440,0,1.0
412,0,1.0
468,0,1.0
179,0,1.0
151,0,1.0
207,0,1.0
178,0,1.0
150,0,1.0
206,0,1.0
180,0,1.0
152,0,1.0
208,0,1.0
286,0,1.0
258,0,1.0
314,0,1.0
285,0,1.0
257,0,1.0
313,0,1.0
287,0,1.0
259,0,1.0
315,0,1.0
433,0,1.0
405,0,1.0
461,0,1.0
432,0,1.0
404,0,1.0
460,0,1.0
434,0,1.0
406,0,1.0
462,0,1.0
489,1,1.0
461,1,1.0
517,1,1.0
488,1,1.0
460,1,1.0
516,1,1.0
490,1,1.0
462,1,1.0
518,1,1.0
324,1,1.0
296,1,1.0
352,1,1.0
323,1,1.0
295,1,1.0
351,1,1.0
325,1,1.0
297,1,1.0
353,1,1.0
356,1,1.0
328,1,1.0
384,1,1.0
355,1,1.0
327,1,1.0
383,1,1.0
357,1,1.0
329,1,1.0
385,1,1.0
90,1,1.0
62,1,1.0
118,1,1.0
89,1,1.0
61,1,1.0
117,1,1.0
91,1,1.0
63,1,1.0
119,1,1.0
148,1,1.0
120,1,1.0
176,1,1.0
147,1,1.0
119,1,1.0
175,1,1.0
149,1,1.0
121,1,1.0
177,1,1.0
88,1,1.0
60,1,1.0
116,1,1.0
87,1,1.0
59,1,1.0
115,1,1.0
89,1,1.0
61,1,1.0
117,1,1.0
298,1,1.0
270,1,1.0
326,1,1.0
297,1,1.0
269,1,1.0
325,1,1.0
299,1,1.0
271,1,1.0
327,1,1.0
461,1,1.0
433,1,1.0
489,1,1.0
460,1,1.0
432,1,1.0
488,1,1.0
462,1,1.0
434,1,1.0
490,1,1.0
77,1,1.0
49,1,1.0
105,1,1.0
76,1,1.0
48,1,1.0
104,1,1.0
78,1,1.0
50,1,1.0
106,1,1.0
526,1,1.0
498,1,1.0
554,1,1.0
525,1,1.0
497,1,1.0
553,1,1.0
527,1,1.0
499,1,1.0
555,1,1.0
347,1,1.0
319,1,1.0
375,1,1.0
346,1,1.0
318,1,1.0
374,1,1.0
348,1,1.0
320,1,1.0
376,1,1.0
534,2,0.1
506,2,0.05
562,20.05
533,20.05
505,20.05
561,20.05
535,20.05
507,20.05
563,20.05
537,2,0.2
509,2,0.1
565,20.1
536,20.1
508,20.1
564,20.1
538,20.1
510,20.1
566,20.1
540,2,0.3
512,2,0.15
568,20.15
539,20.15
511,20.15
567,20.15
541,20.15
513,20.15
569,20.15
543,2,0.4
515,2,0.2
571,20.2
542,20.2
514,20.2
570,20.2
544,20.2
516,20.2
572,20.2
546,2,0.5
518,2,0.25
574,20.25
545,20.25
517,20.25
573,20.25
547,20.25
519,20.25
575,20.25
549,2,0.6
521,2,0.3
577,20.3
548,20.3
520,20.3
576,20.3
550,20.3
522,20.3
578,20.3
552,2,0.7
524,2,0.35
580,20.35
551,20.35
523,20.35
579,20.35
553,20.35
525,20.35
581,20.35
528,2,0.8
500,2,0.4
556,20.4
527,20.4
499,20.4
555,20.4
529,20.4
501,20.4
557,20.4
474,2,0.9
446,2,0.45
502,20.45
473,20.45
445,20.45
501,20.45
475,20.45
447,20.45
503,20.45
390,2,1.0
362,2,0.5
418,20.5
389,20.5
361,20.5
417,20.5
391,20.5
363,20.5
419,20.5
306,2,1.1
278,2,0.55
334,20.55
305,20.55
277,20.55
333,20.55
307,20.55
279,20.55
335,20.55
275,2,1.2
247,2,0.6
303,20.6
274,20.6
246,20.6
302,20.6
276,20.6
248,20.6
304,20.6
272,2,1.3
244,2,0.65
300,20.65
271,20.65
243,20.65
299,20.65
273,20.65
245,20.65
301,20.65
269,2,1.4
241,2,0.7
297,20.7
268,20.7
240,20.7
296,20.7
270,20.7
242,20.7
298,20.7
266,2,1.5
238,2,0.75
294,20.75
265,20.75
237,20.75
293,20.75
267,20.75
239,20.75
295,20.75
262,2,1.6
234,2,0.8
290,20.8
261,20.8
233,20.8
289,20.8
263,20.8
235,20.8
291,20.8
315,2,1.7
287,2,0.85
343,20.85
314,20.85
286,20.85
342,20.85
316,20.85
288,20.85
344,20.85
370,2,1.8
342,2,0.9
398,20.9
369,20.9
341,20.9
397,20.9
371,20.9
343,20.9
399,20.9
367,2,1.9
339,2,0.95
395,20.95
366,20.95
338,20.95
394,20.95
368,20.95
340,20.95
396,20.95
364,2,2.0
336,2,1.0
392,21.0
365,21.0
337,21.0
393,21.0
306,2,2.1
278,2,1.05
334,21.05
305,21.05
277,21.05
333,21.05
307,21.05
279,21.05
335,21.05
222,2,2.2
194,2,1.1
250,21.1
221,21.1
193,21.1
249,21.1
223,21.1
195,21.1
251,21.1
138,2,2.3
110,2,1.15
166,21.15
137,21.15
109,21.15
165,21.15
139,21.15
111,21.15
167,21.15
84,2,2.4
56,2,1.2
112,21.2
85,21.2
57,21.2
113,21.2
28,2,2.5
0,2,1.25
56,21.25
29,21.25
1,21.25
57,21.25
31,2,2.6
3,2,1.3
59,21.3
30,21.3
2,21.3
58,21.3
32,21.3
4,21.3
60,21.3
34,2,2.7
6,2,1.35
62,21.35
33,21.35
5,21.35
61,21.35
35,21.35
7,21.35
63,21.35
9,2,2.8
37,21.4
8,21.4
36,21.4
10,21.4
38,21.4
13,2,2.9
41,21.45
12,21.45
40,21.45
14,21.45
42,21.45
17,2,3.0
45,21.5
16,21.5
44,21.5
18,21.5
46,21.5
20,2,3.1
48,21.55
19,21.55
47,21.55
21,21.55
49,21.55
22,2,3.2
50,21.6
21,21.6
49,21.6
23,21.6
51,21.6
25,2,3.3
53,21.65
24,21.65
52,21.65
26,21.65
54,21.65
