683,7
688,7
695,3
695,3
689,3
687,3
693,3
695,3
695,3
699,3
711,3
719,3
723,3
728,3
742,7
757,3
766,3
761,3
748,3
734,3
723,5
711,5
700,5
698,5
697,0
692,0
686,0
683,5
672,5
652,5
643,3
600,5
581,5
563,5
543,0
523,0
496,0
473,0
449,0
430,0
419,0
418,4
417,4
417,4
419,2
430,2
448,2
464,2
470,2
476,6
488,6
499,2
500,2
499,2
500,2
499,2
495,2
472,2
447,2
425,2
403,4
377,4
350,4
327,4
309,4
292,0
274,0
250,0
218,5
189,5
164,5
140,5
115,5
94,5
85,5
79,5
77,5
77,3
91,3
108,3
116,3
117,3
121,7
132,3
138,3
137,3
131,3
127,3
128,3
132,5
136,5
138,3
138,1
138,1
137,1
136,7
136,0
136,4
