680,7
683,3
684,7
687,3
688,5
683,3
679,3
681,3
689,3
694,3
693,3
696,3
705,3
711,3
711,3
714,3
722,3
729,3
730,3
727,3
728,3
729,3
719,5
699,5
680,5
661,5
645,0
622,0
600,0
579,0
559,4
545,2
545,2
551,2
549,2
548,2
554,6
562,2
563,2
561,2
560,2
564,6
568,2
566,0
563,4
562,6
567,6
577,2
584,2
581,2
572,2
564,2
559,2
552,4
532,4
506,4
478,4
449,0
417,0
383,4
353,4
328,4
307,4
286,4
268,4
250,0
230,5
211,5
195,5
181,5
166,5
154,3
148,3
141,3
130,3
123,3
126,3
128,3
126,3
125,3
131,3
139,3
140,3
137,3
140,3
148,3
151,3
147,5
140,5
136,7
138,3
138,6
138,1
140,7
141,7
142,3
142,3
142,7
147,1
