183,6
191,6
201,6
216,1
241,1
273,1
304,1
338,1
373,1
412,1
448,1
482,1
515,1
553,1
588,1
621,1
651,1
688,6
711,2
724,2
730,2
732,2
728,4
715,2
710,2
716,2
719,2
715,2
709,2
708,2
708,5
706,0
699,0
690,0
680,0
668,4
651,0
634,0
617,4
606,4
596,4
583,0
563,0
543,4
525,4
500,4
478,4
454,4
423,0
393,0
362,0
337,0
308,0
276,0
241,0
205,0
173,4
149,4
137,2
129,2
121,2
119,6
128,6
135,6
142,6
155,6
179,6
204,6
229,6
259,1
299,1
336,1
376,1
418,1
462,1
502,1
542,1
581,1
617,1
644,6
662,6
673,6
682,1
687,3
688,5
686,3
687,7
688,6
690,6
692,3
690,5
684,5
676,5
