45,2,0.287078519021
48,2,0.29
51,2,0.287078519021
54,2,0.279476823754
57,2,0.265583671664
60,2,0.248286553114
68,2,0.70308057305
70,0,0.356276568443
71,0,0.611161495569
71,2,0.726540145902
74,2,0.745527999515
76,2,0.0779958376736
77,2,1.693242767
80,2,1.71
83,2,1.693242767
84,2,0.0779958376736
86,2,1.65330128353
87,2,0.166915168357
89,2,1.58987806691
90,2,0.265583671664
92,2,1.52198326389
93,2,0.3542478923
99,2,0.210586688325
100,2,1.15029416855
102,0,0.662713478408
102,2,0.128717017659
103,0,2.05945288144
103,2,1.18655055474
104,0,0.253975332806
105,2,0.0369156920804
106,2,1.21660993113
115,0,1.053420806
116,0,0.0747064687044
130,2,1.36494094763
131,2,0.542845238144
133,1,0.142536979219
135,0,0.926989932044
136,0,0.175259898078
137,1,0.54742158285
138,1,1.16083625563
147,0,1.03504069611
148,0,0.065603590448
162,2,0.188012141321
164,1,0.0602664444611
165,1,1.38497058884
175,1,1.10980448588
176,1,0.607913378878
179,1,0.718833356429
193,2,1.01511421982
203,1,1.03285478825
211,1,0.698672139408
224,2,0.253575080343
225,2,0.763068312315
235,1,0.612690275566
241,0,0.488508334877
242,0,0.622273652098
256,2,0.1
260,0,0.302386986501
261,0,1.14052434728
273,0,0.701029575445
274,0,0.859453201381
289,2,0.935622247508
292,0,0.13474590646
293,0,0.844153432553
296,0,0.925640104683
297,0,0.253145479103
298,1,1.05801339635
320,2,0.207543584909
321,2,0.845487115706
328,0,1.01076911367
329,0,0.304172980819
330,1,0.592616030839
333,0,1.30852563812
334,0,1.82906120692
336,2,1.52
339,2,1.50969397311
340,2,0.0403061463586
342,2,1.48376362003
343,1,1.16776742842
343,2,0.127434914349
344,1,0.349789677907
352,2,0.152596416589
364,2,0.1
365,0,0.545395367343
365,2,1.9
366,0,1.08143627916
368,2,0.48
370,1,0.311890095025
371,2,0.476714078054
374,2,0.468171027823
375,1,0.046391804291
377,2,1.71
378,2,0.29
380,2,0.433219862265
385,2,0.845487115706
394,2,0.932947986272
401,1,0.040670149728
402,1,1.21842014565
412,2,1.3877908854
413,2,0.310384659161
416,2,0.152596416589
417,2,0.935622247508
426,0,0.207409152239
426,2,1.03118629242
448,2,0.207543584909
450,2,0.282647386237
453,2,0.250714431546
456,2,1.23344928413
457,2,0.755974276793
458,0,1.77351366497
459,0,0.329140791148
462,0,0.957633536015
465,1,0.0100836397577
466,1,1.43863481574
476,2,0.336028846404
482,2,1.31494525766
483,2,0.52037166829
485,2,1.23842268941
486,2,0.607161172282
490,0,0.0210943174929
494,0,1.1633096862
495,0,0.00813167311436
498,1,0.131532437694
508,2,1.4625988463
509,2,0.336028846404
564,1,0.894090513081
572,2,0.238523346734
596,1,0.679508381405
604,2,1.52798305115
605,2,0.355980535395
622,0,1.01839018011
623,0,1.07363345506
624,1,0.710781517399
625,1,1.00741585853
629,1,0.305771155199
630,0,0.690590500726
630,1,0.368391453214
631,0,1.14513557631
634,2,0.459480607068
635,2,0.993421637427
645,2,1.27909778749
646,2,0.628978483028
648,2,1.18655055474
649,2,0.726540145902
654,0,0.0482225697396
655,0,0.0754137394347
661,1,0.400620749903
662,0,0.194325086592
662,1,0.467110879081
663,0,0.491125638426
663,2,0.726540145902
664,2,1.18655055474
666,2,0.174294656852
667,2,0.595293624988
677,2,0.167051555553
680,2,0.128717017659
683,2,1.11926167337
684,2,0.844275119243
686,2,1.03118629242
687,2,0.932947986272
689,2,0.932947986272
690,2,1.03118629242
692,2,0.844275119243
693,2,1.11926167337
696,2,0.128717017659
