130,3
130,0
129,3
129,3
128,3
128,7
131,1
149,1
171,6
182,1
189,7
196,7
204,1
218,6
234,6
247,6
267,6
285,6
298,6
313,1
337,1
371,1
406,1
438,1
472,1
500,1
521,1
532,6
542,6
559,6
586,6
616,6
645,6
659,2
661,2
658,2
654,4
647,0
634,0
607,0
581,4
561,4
539,4
515,4
488,0
459,0
431,0
409,5
386,5
360,0
328,0
294,0
268,0
244,0
222,4
199,4
174,4
149,4
136,2
136,2
138,2
137,2
135,2
138,6
148,6
160,2
168,2
170,2
175,6
190,6
212,6
236,6
264,1
298,1
331,1
365,1
402,1
443,1
483,1
517,1
551,1
582,1
616,1
641,1
662,6
680,1
693,7
701,7
703,5
703,4
702,4
701,1
702,3
702,3
698,5
690,5
