134,1
144,7
151,1
161,6
177,6
196,6
221,1
252,1
283,6
313,6
345,1
381,1
415,6
443,6
472,6
499,6
533,6
562,1
593,1
626,1
661,1
699,6
726,6
745,2
755,2
759,2
749,4
728,4
706,4
681,4
655,0
627,0
595,0
560,0
520,0
484,0
449,0
416,0
384,0
353,0
321,0
285,0
251,0
220,4
199,4
188,2
183,2
181,2
175,2
168,2
170,6
181,2
190,2
195,2
202,6
215,6
238,6
252,6
264,6
274,6
289,1
315,1
347,1
377,1
409,1
441,1
476,1
507,1
541,1
578,1
611,1
644,1
669,1
689,6
705,1
715,1
719,3
719,7
721,1
722,1
722,2
722,5
720,5
713,5
702,5
