652,3
650,3
655,3
656,5
647,5
630,3
622,3
623,3
620,3
615,3
614,3
622,3
632,3
636,3
635,3
637,3
642,3
640,3
627,5
612,5
600,5
587,0
575,4
564,4
548,0
527,4
504,4
487,2
472,4
458,4
440,4
422,4
405,4
385,4
360,4
343,2
333,2
325,2
316,2
304,2
294,2
286,2
273,4
253,4
234,4
221,4
206,4
184,0
157,0
134,0
109,5
96,3
93,3
92,3
91,3
84,3
82,3
84,3
86,3
84,3
84,3
94,7
110,7
126,7
144,7
166,1
191,7
203,3
202,3
195,3
188,3
182,5
169,5
149,5
134,3
126,3
119,5
110,5
97,5
86,5
82,3
81,7
83,7
84,1
86,1
88,6
88,5
88,5
87,3
87,3
87,7
