267,0,1.0
239,0,0.5
295,0,0.5
266,0,0.5
238,0,0.5
294,0,0.5
268,0,0.5
240,0,0.5
296,0,0.5
204,0,1.0
176,0,0.5
232,0,0.5
203,0,0.5
175,0,0.5
231,0,0.5
205,0,0.5
177,0,0.5
233,0,0.5
368,0,1.0
340,0,0.5
396,0,0.5
367,0,0.5
339,0,0.5
395,0,0.5
369,0,0.5
341,0,0.5
397,0,0.5
36,0,1.0
8,0,0.5
64,0,0.5
35,0,0.5
7,0,0.5
63,0,0.5
37,0,0.5
9,0,0.5
65,0,0.5
93,0,1.0
65,0,0.5
121,0,0.5
92,0,0.5
64,0,0.5
120,0,0.5
94,0,0.5
66,0,0.5
122,0,0.5
226,0,1.0
198,0,0.5
254,0,0.5
225,0,0.5
197,0,0.5
253,0,0.5
227,0,0.5
199,0,0.5
255,0,0.5
442,0,1.0
414,0,0.5
470,0,0.5
441,0,0.5
413,0,0.5
469,0,0.5
443,0,0.5
415,0,0.5
471,0,0.5
527,0,1.0
499,0,0.5
555,0,0.5
526,0,0.5
498,0,0.5
554,0,0.5
528,0,0.5
500,0,0.5
556,0,0.5
461,0,1.0
433,0,0.5
489,0,0.5
460,0,0.5
432,0,0.5
488,0,0.5
462,0,0.5
434,0,0.5
490,0,0.5
173,0,1.0
145,0,0.5
201,0,0.5
172,0,0.5
144,0,0.5
200,0,0.5
174,0,0.5
146,0,0.5
202,0,0.5
32,0,1.0
4,0,0.5
60,0,0.5
31,0,0.5
3,0,0.5
59,0,0.5
33,0,0.5
5,0,0.5
61,0,0.5
523,0,1.0
495,0,0.5
551,0,0.5
522,0,0.5
494,0,0.5
550,0,0.5
524,0,0.5
496,0,0.5
552,0,0.5
249,1,0.5
221,1,0.5
277,1,0.5
248,1,0.5
220,1,0.5
276,1,0.5
250,1,0.5
222,1,0.5
278,1,0.5
488,1,0.5
460,1,0.5
516,1,0.5
487,1,0.5
459,1,0.5
515,1,0.5
489,1,0.5
461,1,0.5
517,1,0.5
146,1,0.5
118,1,0.5
174,1,0.5
145,1,0.5
117,1,0.5
173,1,0.5
147,1,0.5
119,1,0.5
175,1,0.5
150,1,0.5
122,1,0.5
178,1,0.5
149,1,0.5
121,1,0.5
177,1,0.5
151,1,0.5
123,1,0.5
179,1,0.5
343,1,0.5
315,1,0.5
371,1,0.5
342,1,0.5
314,1,0.5
370,1,0.5
344,1,0.5
316,1,0.5
372,1,0.5
213,1,0.5
185,1,0.5
241,1,0.5
212,1,0.5
184,1,0.5
240,1,0.5
214,1,0.5
186,1,0.5
242,1,0.5
44,1,0.5
16,1,0.5
72,1,0.5
43,1,0.5
15,1,0.5
71,1,0.5
45,1,0.5
17,1,0.5
73,1,0.5
107,1,0.5
79,1,0.5
135,1,0.5
106,1,0.5
78,1,0.5
134,1,0.5
108,1,0.5
80,1,0.5
136,1,0.5
285,1,0.5
257,1,0.5
313,1,0.5
284,1,0.5
256,1,0.5
312,1,0.5
286,1,0.5
258,1,0.5
314,1,0.5
500,1,0.5
472,1,0.5
528,1,0.5
499,1,0.5
471,1,0.5
527,1,0.5
501,1,0.5
473,1,0.5
529,1,0.5
350,1,0.5
322,1,0.5
378,1,0.5
349,1,0.5
321,1,0.5
377,1,0.5
351,1,0.5
323,1,0.5
379,1,0.5
80,1,0.5
52,1,0.5
108,1,0.5
79,1,0.5
51,1,0.5
107,1,0.5
81,1,0.5
53,1,0.5
109,1,0.5
532,2,0.1
450,2,0.2
367,2,0.3
256,2,0.4
172,2,0.5
118,2,0.6
91,2,0.7
37,2,0.8
40,2,0.9
72,2,1.0
156,2,1.1
182,2,1.2
264,2,1.3
318,2,1.4
401,2,1.5
460,2,1.6
545,2,1.7
548,2,1.8
551,2,1.9
525,2,2.0
471,2,2.1
387,2,2.2
304,2,2.3
219,2,2.4
137,2,2.5
53,2,2.6
