696,6
697,3
698,3
695,3
691,3
694,3
700,3
699,3
690,3
685,3
685,3
686,3
684,3
681,3
688,7
710,7
734,3
745,3
750,3
754,3
761,3
764,3
757,3
751,3
749,5
738,0
720,0
701,5
687,0
672,5
657,0
639,0
621,5
606,5
590,5
571,0
543,0
520,0
499,0
480,4
469,2
463,2
457,2
451,2
449,2
451,2
441,4
417,4
393,4
370,4
351,4
336,4
323,2
321,6
333,6
346,6
359,6
372,6
393,6
420,6
438,2
448,2
451,2
448,2
445,4
439,4
427,4
410,4
390,4
371,4
350,4
324,4
297,4
274,4
250,0
228,5
208,5
188,5
169,5
150,5
139,5
127,5
112,3
100,3
100,3
105,3
108,3
111,3
123,3
139,3
144,3
142,3
141,3
144,3
145,3
141,3
133,3
130,3
134,3
137,3
135,3
129,3
126,7
130,7
132,7
133,5
131,5
130,4
130,4
129,2
129,6
130,6
130,7
131,7
131,3
