707,3
710,3
709,3
706,3
704,3
708,7
718,7
724,3
722,3
721,3
730,3
739,3
744,3
742,3
745,3
755,3
758,3
755,3
754,3
756,3
752,5
734,5
723,3
723,3
724,3
716,5
699,5
689,3
682,5
672,5
652,5
630,5
612,5
587,0
557,0
526,0
496,0
465,4
438,4
416,4
391,4
364,4
347,2
334,2
327,2
321,2
321,2
324,2
319,4
305,2
290,2
286,2
287,2
289,2
290,2
296,2
304,2
297,4
277,0
257,0
240,0
225,5
210,5
196,5
179,5
155,5
133,5
117,5
97,5
76,5
60,3
57,3
65,3
71,3
71,3
78,3
91,3
99,3
98,3
100,3
107,3
113,3
115,3
114,3
119,3
128,3
129,3
124,3
123,7
126,1
129,1
131,1
132,7
133,3
133,7
135,1
145,1
162,1
