131,7
137,7
144,7
150,7
158,1
172,6
184,6
194,1
202,1
209,6
215,6
220,6
230,1
252,1
284,1
315,1
347,1
379,1
412,1
442,6
469,6
494,6
526,1
563,6
595,6
626,6
655,6
670,2
674,2
670,2
670,2
669,2
663,4
650,4
631,4
616,4
599,4
579,4
555,4
530,4
502,0
474,0
443,0
412,0
380,0
341,0
307,5
272,0
236,0
199,0
163,0
132,0
110,4
97,2
86,2
76,2
67,2
77,6
91,6
104,6
117,6
132,1
152,1
180,1
208,1
240,1
272,1
303,1
337,1
366,6
393,6
419,1
444,1
469,6
491,6
513,1
534,1
555,1
577,6
592,6
600,6
614,1
632,6
646,6
654,2
656,2
655,5
654,5
652,5
649,3
648,3
646,3
646,1
652,1
655,1
657,0
657,5
