133,6
142,6
150,1
158,1
166,1
170,6
178,6
188,6
199,1
215,1
233,6
244,6
254,6
263,6
274,6
293,1
315,6
332,6
345,6
355,1
362,1
371,1
377,1
383,6
385,2
386,2
385,2
385,4
384,2
383,2
383,6
384,6
387,1
397,1
414,6
426,6
433,6
440,6
452,6
471,6
490,6
505,6
519,6
533,1
554,1
573,6
585,2
593,2
597,2
597,2
595,4
585,4
571,4
557,4
544,0
533,0
520,5
503,0
482,0
463,5
449,5
439,5
428,5
413,0
396,0
383,5
372,5
364,3
361,3
362,5
361,5
356,3
352,3
348,5
343,5
336,0
326,0
317,0
306,0
295,0
289,0
285,6
289,1
293,5
291,5
278,0
265,4
248,4
231,4
215,4
195,4
183,2
175,2
169,4
161,4
143,2
134,2
140,6
155,6
176,6
200,1
230,1
264,1
294,6
319,6
340,1
364,1
392,6
414,6
431,6
447,6
468,6
497,6
525,6
552,6
579,1
606,1
634,1
656,1
673,1
686,7
698,7
707,3
712,7
715,3
715,0
713,4
712,2
710,4
706,4
704,1
706,1
