679,3
681,3
688,3
693,3
694,3
694,3
693,3
692,3
688,3
682,3
681,3
682,3
681,5
676,5
665,5
650,5
636,5
626,3
615,3
605,5
589,5
574,5
557,5
540,5
517,0
491,0
468,0
442,0
419,4
396,4
373,4
353,4
335,2
328,2
331,2
334,2
332,2
333,2
341,2
354,2
362,6
379,6
403,6
416,2
416,2
413,2
414,2
415,2
401,4
379,4
360,4
340,4
317,0
294,0
270,0
246,5
221,0
193,5
168,5
145,5
124,5
108,3
103,3
105,3
112,3
114,3
110,3
115,7
129,3
140,3
146,7
157,7
180,7
208,7
223,3
227,3
228,3
226,3
219,5
201,5
171,5
147,5
131,3
125,3
124,3
120,3
123,3
132,3
135,3
132,5
124,5
117,3
116,7
118,1
119,3
119,0
117,3
117,7
123,1
141,1
161,6
