83,4
83,2
82,0
82,4
82,2
82,4
82,4
81,2
81,2
81,2
80,2
80,4
51,1
80,7
80,7
109,1
137,1
165,1
193,1
193,1
220,6
249,6
248,1
276,1
305,1
305,1
333,1
360,1
360,1
389,6
389,2
388,4
388,4
388,2
387,2
387,6
386,2
386,2
385,4
384,2
384,1
384,7
384,7
412,7
412,1
441,6
469,6
468,6
496,6
495,2
494,2
494,2
493,2
492,4
464,0
435,0
435,4
406,4
378,0
349,0
321,0
293,0
265,0
237,5
208,5
209,0
182,0
154,0
153,0
153,2
153,2
153,2
152,2
152,2
152,2
151,0
151,0
123,0
124,0
95,0
67,4
38,4
37,2
8,2
36,2
35,2
34,6
34,1
63,1
91,1
118,6
146,1
173,1
200,1
229,1
257,1
284,1
312,1
339,6
367,6
393,6
422,1
450,1
478,1
477,6
505,6
505,1
532,7
532,3
532,5
532,3
532,1
532,1
532,1
532,3
532,3
533,3
533,2
