63,0,1.0
35,0,0.5
91,0,0.5
62,0,0.5
34,0,0.5
90,0,0.5
64,0,0.5
36,0,0.5
92,0,0.5
193,0,1.0
165,0,0.5
221,0,0.5
192,0,0.5
164,0,0.5
220,0,0.5
194,0,0.5
166,0,0.5
222,0,0.5
285,0,1.0
257,0,0.5
313,0,0.5
284,0,0.5
256,0,0.5
312,0,0.5
286,0,0.5
258,0,0.5
314,0,0.5
104,0,1.0
76,0,0.5
132,0,0.5
103,0,0.5
75,0,0.5
131,0,0.5
105,0,0.5
77,0,0.5
133,0,0.5
389,0,1.0
361,0,0.5
417,0,0.5
388,0,0.5
360,0,0.5
416,0,0.5
390,0,0.5
362,0,0.5
418,0,0.5
59,0,1.0
31,0,0.5
87,0,0.5
58,0,0.5
30,0,0.5
86,0,0.5
60,0,0.5
32,0,0.5
88,0,0.5
360,0,1.0
332,0,0.5
388,0,0.5
359,0,0.5
331,0,0.5
387,0,0.5
361,0,0.5
333,0,0.5
389,0,0.5
302,0,1.0
274,0,0.5
330,0,0.5
301,0,0.5
273,0,0.5
329,0,0.5
303,0,0.5
275,0,0.5
331,0,0.5
50,0,1.0
22,0,0.5
78,0,0.5
49,0,0.5
21,0,0.5
77,0,0.5
51,0,0.5
23,0,0.5
79,0,0.5
179,0,1.0
151,0,0.5
207,0,0.5
178,0,0.5
150,0,0.5
206,0,0.5
180,0,0.5
152,0,0.5
208,0,0.5
383,0,1.0
355,0,0.5
411,0,0.5
382,0,0.5
354,0,0.5
410,0,0.5
384,0,0.5
356,0,0.5
412,0,0.5
208,0,1.0
180,0,0.5
236,0,0.5
207,0,0.5
179,0,0.5
235,0,0.5
209,0,0.5
181,0,0.5
237,0,0.5
71,1,0.5
43,1,0.5
99,1,0.5
70,1,0.5
42,1,0.5
98,1,0.5
72,1,0.5
44,1,0.5
100,1,0.5
484,1,0.5
456,1,0.5
512,1,0.5
483,1,0.5
455,1,0.5
511,1,0.5
485,1,0.5
457,1,0.5
513,1,0.5
481,1,0.5
453,1,0.5
509,1,0.5
480,1,0.5
452,1,0.5
508,1,0.5
482,1,0.5
454,1,0.5
510,1,0.5
1,1,0.5
29,1,0.5
0,1,0.5
28,1,0.5
2,1,0.5
30,1,0.5
244,1,0.5
216,1,0.5
272,1,0.5
243,1,0.5
215,1,0.5
271,1,0.5
245,1,0.5
217,1,0.5
273,1,0.5
241,1,0.5
213,1,0.5
269,1,0.5
240,1,0.5
212,1,0.5
268,1,0.5
242,1,0.5
214,1,0.5
270,1,0.5
260,1,0.5
232,1,0.5
288,1,0.5
259,1,0.5
231,1,0.5
287,1,0.5
261,1,0.5
233,1,0.5
289,1,0.5
268,1,0.5
240,1,0.5
296,1,0.5
267,1,0.5
239,1,0.5
295,1,0.5
269,1,0.5
241,1,0.5
297,1,0.5
87,1,0.5
59,1,0.5
115,1,0.5
86,1,0.5
58,1,0.5
114,1,0.5
88,1,0.5
60,1,0.5
116,1,0.5
170,1,0.5
142,1,0.5
198,1,0.5
169,1,0.5
141,1,0.5
197,1,0.5
171,1,0.5
143,1,0.5
199,1,0.5
93,1,0.5
65,1,0.5
121,1,0.5
92,1,0.5
64,1,0.5
120,1,0.5
94,1,0.5
66,1,0.5
122,1,0.5
438,1,0.5
410,1,0.5
466,1,0.5
437,1,0.5
409,1,0.5
465,1,0.5
439,1,0.5
411,1,0.5
467,1,0.5
532,2,0.1
450,2,0.2
367,2,0.3
256,2,0.4
172,2,0.5
118,2,0.6
91,2,0.7
37,2,0.8
40,2,0.9
72,2,1.0
156,2,1.1
182,2,1.2
264,2,1.3
318,2,1.4
401,2,1.5
460,2,1.6
545,2,1.7
548,2,1.8
551,2,1.9
525,2,2.0
471,2,2.1
387,2,2.2
304,2,2.3
219,2,2.4
137,2,2.5
53,2,2.6
