443,0,1.0
415,0,0.5
471,0,0.5
442,0,0.5
414,0,0.5
470,0,0.5
444,0,0.5
416,0,0.5
472,0,0.5
326,0,1.0
298,0,0.5
354,0,0.5
325,0,0.5
297,0,0.5
353,0,0.5
327,0,0.5
299,0,0.5
355,0,0.5
322,0,1.0
294,0,0.5
350,0,0.5
321,0,0.5
293,0,0.5
349,0,0.5
323,0,0.5
295,0,0.5
351,0,0.5
499,0,1.0
471,0,0.5
527,0,0.5
498,0,0.5
470,0,0.5
526,0,0.5
500,0,0.5
472,0,0.5
528,0,0.5
98,0,1.0
70,0,0.5
126,0,0.5
97,0,0.5
69,0,0.5
125,0,0.5
99,0,0.5
71,0,0.5
127,0,0.5
75,0,1.0
47,0,0.5
103,0,0.5
74,0,0.5
46,0,0.5
102,0,0.5
76,0,0.5
48,0,0.5
104,0,0.5
233,0,1.0
205,0,0.5
261,0,0.5
232,0,0.5
204,0,0.5
260,0,0.5
234,0,0.5
206,0,0.5
262,0,0.5
129,0,1.0
101,0,0.5
157,0,0.5
128,0,0.5
100,0,0.5
156,0,0.5
130,0,0.5
102,0,0.5
158,0,0.5
524,0,1.0
496,0,0.5
552,0,0.5
523,0,0.5
495,0,0.5
551,0,0.5
525,0,0.5
497,0,0.5
553,0,0.5
131,0,1.0
103,0,0.5
159,0,0.5
130,0,0.5
102,0,0.5
158,0,0.5
132,0,0.5
104,0,0.5
160,0,0.5
278,0,1.0
250,0,0.5
306,0,0.5
277,0,0.5
249,0,0.5
305,0,0.5
279,0,0.5
251,0,0.5
307,0,0.5
402,0,1.0
374,0,0.5
430,0,0.5
401,0,0.5
373,0,0.5
429,0,0.5
403,0,0.5
375,0,0.5
431,0,0.5
318,1,0.5
290,1,0.5
346,1,0.5
317,1,0.5
289,1,0.5
345,1,0.5
319,1,0.5
291,1,0.5
347,1,0.5
175,1,0.5
147,1,0.5
203,1,0.5
174,1,0.5
146,1,0.5
202,1,0.5
176,1,0.5
148,1,0.5
204,1,0.5
492,1,0.5
464,1,0.5
520,1,0.5
491,1,0.5
463,1,0.5
519,1,0.5
493,1,0.5
465,1,0.5
521,1,0.5
96,1,0.5
68,1,0.5
124,1,0.5
95,1,0.5
67,1,0.5
123,1,0.5
97,1,0.5
69,1,0.5
125,1,0.5
165,1,0.5
137,1,0.5
193,1,0.5
164,1,0.5
136,1,0.5
192,1,0.5
166,1,0.5
138,1,0.5
194,1,0.5
127,1,0.5
99,1,0.5
155,1,0.5
126,1,0.5
98,1,0.5
154,1,0.5
128,1,0.5
100,1,0.5
156,1,0.5
389,1,0.5
361,1,0.5
417,1,0.5
388,1,0.5
360,1,0.5
416,1,0.5
390,1,0.5
362,1,0.5
418,1,0.5
389,1,0.5
361,1,0.5
417,1,0.5
388,1,0.5
360,1,0.5
416,1,0.5
390,1,0.5
362,1,0.5
418,1,0.5
91,1,0.5
63,1,0.5
119,1,0.5
90,1,0.5
62,1,0.5
118,1,0.5
92,1,0.5
64,1,0.5
120,1,0.5
454,1,0.5
426,1,0.5
482,1,0.5
453,1,0.5
425,1,0.5
481,1,0.5
455,1,0.5
427,1,0.5
483,1,0.5
459,1,0.5
431,1,0.5
487,1,0.5
458,1,0.5
430,1,0.5
486,1,0.5
460,1,0.5
432,1,0.5
488,1,0.5
373,1,0.5
345,1,0.5
401,1,0.5
372,1,0.5
344,1,0.5
400,1,0.5
374,1,0.5
346,1,0.5
402,1,0.5
534,2,0.1
537,2,0.2
540,2,0.3
543,2,0.4
546,2,0.5
549,2,0.6
552,2,0.7
555,2,0.8
503,2,0.9
418,2,1.0
415,2,1.1
412,2,1.2
438,2,1.3
435,2,1.4
432,2,1.5
400,2,1.6
371,2,1.7
259,2,1.8
202,2,1.9
172,2,2.0
88,2,2.1
34,2,2.2
9,2,2.3
13,2,2.4
17,2,2.5
20,2,2.6
22,2,2.7
25,2,2.8
