683,7
688,7
694,3
692,3
687,3
691,3
702,3
704,3
699,3
699,3
706,3
708,3
704,3
702,3
704,3
707,3
701,3
689,3
679,3
673,5
661,5
642,0
620,0
600,0
587,0
572,4
553,4
535,4
515,4
493,4
481,2
474,2
473,2
470,4
459,4
445,2
442,2
449,2
454,2
457,6
466,6
486,1
513,6
531,2
539,2
540,2
533,2
530,4
521,4
501,4
475,4
451,4
431,0
413,0
390,0
365,0
348,3
347,3
354,3
355,5
344,5
324,5
302,5
278,0
248,0
213,0
186,5
166,5
148,5
129,3
122,3
130,3
138,3
142,3
153,7
176,1
207,7
219,5
209,5
185,5
171,3
166,3
158,5
144,5
126,3
118,3
117,3
115,5
112,5
111,2
111,4
110,4
109,4
108,4
108,5
107,5
107,0
106,5
105,3
