677,7
679,3
679,5
674,5
667,3
664,3
667,3
670,3
667,3
659,3
655,3
655,3
654,3
649,5
643,3
644,1
655,1
669,1
682,7
696,7
710,7
726,7
744,3
747,3
744,3
745,3
752,3
754,3
753,3
747,3
742,3
745,3
739,5
719,5
693,5
672,5
655,5
635,0
607,0
581,5
559,5
540,5
522,5
505,5
495,5
490,0
489,4
485,0
480,0
470,0
453,4
443,2
440,2
439,2
435,2
426,2
428,2
436,2
440,2
442,2
449,6
462,2
471,2
466,2
460,2
461,2
465,2
464,2
456,2
451,2
453,2
458,2
459,6
461,1
480,1
506,6
528,6
545,6
566,6
585,2
585,4
566,0
541,4
521,4
506,4
491,0
473,0
449,0
426,0
397,0
367,0
337,0
306,0
274,0
246,5
224,5
207,5
192,3
186,7
194,7
203,5
192,0
156,0
128,5
116,3
113,3
110,3
109,3
114,3
117,3
110,3
101,3
100,3
107,7
118,7
131,1
148,1
168,1
186,1
203,1
219,6
233,1
238,5
234,5
227,3
224,7
237,7
256,3
264,3
265,7
277,7
299,7
310,3
304,0
273,0
243,5
221,5
203,5
181,5
157,5
142,3
134,5
127,5
120,0
118,4
118,5
117,5
113,3
113,7
120,7
127,3
126,5
116,5
110,7
111,1
