151,0,1.0
150,0,0.5
152,0,0.5
123,0,0.5
179,0,0.5
122,0,0.25
124,0,0.25
178,0,0.25
180,0,0.25
350,0,1.0
349,0,0.5
351,0,0.5
322,0,0.5
378,0,0.5
321,0,0.25
323,0,0.25
377,0,0.25
379,0,0.25
394,0,1.0
393,0,0.5
395,0,0.5
366,0,0.5
422,0,0.5
365,0,0.25
367,0,0.25
421,0,0.25
423,0,0.25
128,0,1.0
127,0,0.5
129,0,0.5
100,0,0.5
156,0,0.5
99,0,0.25
101,0,0.25
155,0,0.25
157,0,0.25
313,0,1.0
312,0,0.5
314,0,0.5
285,0,0.5
341,0,0.5
284,0,0.25
286,0,0.25
340,0,0.25
342,0,0.25
486,0,1.0
485,0,0.5
487,0,0.5
458,0,0.5
514,0,0.5
457,0,0.25
459,0,0.25
513,0,0.25
515,0,0.25
452,0,1.0
451,0,0.5
453,0,0.5
424,0,0.5
480,0,0.5
423,0,0.25
425,0,0.25
479,0,0.25
481,0,0.25
359,0,1.0
358,0,0.5
360,0,0.5
331,0,0.5
387,0,0.5
330,0,0.25
332,0,0.25
386,0,0.25
388,0,0.25
508,0,1.0
507,0,0.5
509,0,0.5
480,0,0.5
536,0,0.5
479,0,0.25
481,0,0.25
535,0,0.25
537,0,0.25
154,0,1.0
153,0,0.5
155,0,0.5
126,0,0.5
182,0,0.5
125,0,0.25
127,0,0.25
181,0,0.25
183,0,0.25
385,0,1.0
384,0,0.5
386,0,0.5
357,0,0.5
413,0,0.5
356,0,0.25
358,0,0.25
412,0,0.25
414,0,0.25
214,0,1.0
213,0,0.5
215,0,0.5
186,0,0.5
242,0,0.5
185,0,0.25
187,0,0.25
241,0,0.25
243,0,0.25
270,1,1.0
269,1,0.5
271,1,0.5
242,1,0.5
298,1,0.5
241,1,0.25
243,1,0.25
297,1,0.25
299,1,0.25
44,1,1.0
43,1,0.5
45,1,0.5
16,1,0.5
72,1,0.5
15,1,0.25
17,1,0.25
71,1,0.25
73,1,0.25
97,1,1.0
96,1,0.5
98,1,0.5
69,1,0.5
125,1,0.5
68,1,0.25
70,1,0.25
124,1,0.25
126,1,0.25
430,1,1.0
429,1,0.5
431,1,0.5
402,1,0.5
458,1,0.5
401,1,0.25
403,1,0.25
457,1,0.25
459,1,0.25
516,1,1.0
515,1,0.5
517,1,0.5
488,1,0.5
544,1,0.5
487,1,0.25
489,1,0.25
543,1,0.25
545,1,0.25
45,1,1.0
44,1,0.5
46,1,0.5
17,1,0.5
73,1,0.5
16,1,0.25
18,1,0.25
72,1,0.25
74,1,0.25
120,1,1.0
119,1,0.5
121,1,0.5
92,1,0.5
148,1,0.5
91,1,0.25
93,1,0.25
147,1,0.25
149,1,0.25
291,1,1.0
290,1,0.5
292,1,0.5
263,1,0.5
319,1,0.5
262,1,0.25
264,1,0.25
318,1,0.25
320,1,0.25
520,1,1.0
519,1,0.5
521,1,0.5
492,1,0.5
548,1,0.5
491,1,0.25
493,1,0.25
547,1,0.25
549,1,0.25
93,1,1.0
92,1,0.5
94,1,0.5
65,1,0.5
121,1,0.5
64,1,0.25
66,1,0.25
120,1,0.25
122,1,0.25
151,1,1.0
150,1,0.5
152,1,0.5
123,1,0.5
179,1,0.5
122,1,0.25
124,1,0.25
178,1,0.25
180,1,0.25
285,1,1.0
284,1,0.5
286,1,0.5
257,1,0.5
313,1,0.5
256,1,0.25
258,1,0.25
312,1,0.25
314,1,0.25
534,2,0.1
537,2,0.2
540,2,0.3
543,2,0.4
546,2,0.5
549,2,0.6
552,2,0.7
528,2,0.8
474,2,0.9
390,2,1.0
306,2,1.1
275,2,1.2
272,2,1.3
269,2,1.4
266,2,1.5
262,2,1.6
315,2,1.7
370,2,1.8
367,2,1.9
364,2,2.0
306,2,2.1
222,2,2.2
138,2,2.3
84,2,2.4
28,2,2.5
31,2,2.6
34,2,2.7
9,2,2.8
13,2,2.9
17,2,3.0
20,2,3.1
22,2,3.2
25,2,3.3
