136,1
136,0
131,0
123,0
117,6
124,6
132,2
134,2
131,2
128,3
129,5
123,3
115,3
115,3
118,7
128,1
146,1
160,1
170,7
178,1
195,1
215,1
242,1
278,1
305,6
326,6
346,1
373,1
406,1
436,6
464,6
493,6
525,6
552,6
570,6
588,6
610,6
635,6
651,2
653,2
655,2
655,2
652,4
644,5
638,3
634,5
626,5
613,0
598,0
585,5
574,0
565,6
567,1
582,1
590,7
596,1
605,6
619,6
635,6
642,2
636,4
619,4
602,4
584,4
566,0
545,0
518,0
494,0
466,0
441,0
419,5
398,0
382,4
367,4
352,4
339,0
331,5
326,5
326,7
328,5
326,0
322,4
313,4
301,4
286,0
263,0
237,4
214,4
190,4
168,4
146,4
132,2
129,2
133,2
136,2
136,2
142,6
159,1
183,1
206,1
225,1
244,7
261,6
273,2
268,2
265,6
276,6
297,6
316,6
337,6
358,1
385,1
416,1
443,1
469,1
492,1
517,1
543,1
573,1
601,1
629,1
654,1
671,1
684,1
694,3
693,5
689,0
685,5
684,6
685,1
686,6
686,6
687,4
685,4
681,4
