350,0,1.0
322,0,1.0
378,0,1.0
349,0,1.0
321,0,1.0
377,0,1.0
351,0,1.0
323,0,1.0
379,0,1.0
271,0,1.0
243,0,1.0
299,0,1.0
270,0,1.0
242,0,1.0
298,0,1.0
272,0,1.0
244,0,1.0
300,0,1.0
383,0,1.0
355,0,1.0
411,0,1.0
382,0,1.0
354,0,1.0
410,0,1.0
384,0,1.0
356,0,1.0
412,0,1.0
432,0,1.0
404,0,1.0
460,0,1.0
431,0,1.0
403,0,1.0
459,0,1.0
433,0,1.0
405,0,1.0
461,0,1.0
467,0,1.0
439,0,1.0
495,0,1.0
466,0,1.0
438,0,1.0
494,0,1.0
468,0,1.0
440,0,1.0
496,0,1.0
202,0,1.0
174,0,1.0
230,0,1.0
201,0,1.0
173,0,1.0
229,0,1.0
203,0,1.0
175,0,1.0
231,0,1.0
87,0,1.0
59,0,1.0
115,0,1.0
86,0,1.0
58,0,1.0
114,0,1.0
88,0,1.0
60,0,1.0
116,0,1.0
162,0,1.0
134,0,1.0
190,0,1.0
161,0,1.0
133,0,1.0
189,0,1.0
163,0,1.0
135,0,1.0
191,0,1.0
94,0,1.0
66,0,1.0
122,0,1.0
93,0,1.0
65,0,1.0
121,0,1.0
95,0,1.0
67,0,1.0
123,0,1.0
103,0,1.0
75,0,1.0
131,0,1.0
102,0,1.0
74,0,1.0
130,0,1.0
104,0,1.0
76,0,1.0
132,0,1.0
407,0,1.0
379,0,1.0
435,0,1.0
406,0,1.0
378,0,1.0
434,0,1.0
408,0,1.0
380,0,1.0
436,0,1.0
265,0,1.0
237,0,1.0
293,0,1.0
264,0,1.0
236,0,1.0
292,0,1.0
266,0,1.0
238,0,1.0
294,0,1.0
89,1,1.0
61,1,1.0
117,1,1.0
88,1,1.0
60,1,1.0
116,1,1.0
90,1,1.0
62,1,1.0
118,1,1.0
249,1,1.0
221,1,1.0
277,1,1.0
248,1,1.0
220,1,1.0
276,1,1.0
250,1,1.0
222,1,1.0
278,1,1.0
31,1,1.0
3,1,1.0
59,1,1.0
30,1,1.0
2,1,1.0
58,1,1.0
32,1,1.0
4,1,1.0
60,1,1.0
501,1,1.0
473,1,1.0
529,1,1.0
500,1,1.0
472,1,1.0
528,1,1.0
502,1,1.0
474,1,1.0
530,1,1.0
336,1,1.0
308,1,1.0
364,1,1.0
337,1,1.0
309,1,1.0
365,1,1.0
509,1,1.0
481,1,1.0
537,1,1.0
508,1,1.0
480,1,1.0
536,1,1.0
510,1,1.0
482,1,1.0
538,1,1.0
229,1,1.0
201,1,1.0
257,1,1.0
228,1,1.0
200,1,1.0
256,1,1.0
230,1,1.0
202,1,1.0
258,1,1.0
430,1,1.0
402,1,1.0
458,1,1.0
429,1,1.0
401,1,1.0
457,1,1.0
431,1,1.0
403,1,1.0
459,1,1.0
109,1,1.0
81,1,1.0
137,1,1.0
108,1,1.0
80,1,1.0
136,1,1.0
110,1,1.0
82,1,1.0
138,1,1.0
136,1,1.0
108,1,1.0
164,1,1.0
135,1,1.0
107,1,1.0
163,1,1.0
137,1,1.0
109,1,1.0
165,1,1.0
312,1,1.0
284,1,1.0
340,1,1.0
311,1,1.0
283,1,1.0
339,1,1.0
313,1,1.0
285,1,1.0
341,1,1.0
181,1,1.0
153,1,1.0
209,1,1.0
180,1,1.0
152,1,1.0
208,1,1.0
182,1,1.0
154,1,1.0
210,1,1.0
532,2,0.1
504,2,0.05
560,2,0.05
533,2,0.05
505,2,0.05
561,2,0.05
450,2,0.2
422,2,0.1
478,2,0.1
449,2,0.1
421,2,0.1
477,2,0.1
451,2,0.1
423,2,0.1
479,2,0.1
367,2,0.3
339,2,0.15
395,2,0.15
366,2,0.15
338,2,0.15
394,2,0.15
368,2,0.15
340,2,0.15
396,2,0.15
256,2,0.4
228,2,0.2
284,2,0.2
255,2,0.2
227,2,0.2
283,2,0.2
257,2,0.2
229,2,0.2
285,2,0.2
172,2,0.5
144,2,0.25
200,2,0.25
171,2,0.25
143,2,0.25
199,2,0.25
173,2,0.25
145,2,0.25
201,2,0.25
118,2,0.6
90,2,0.3
146,2,0.3
117,2,0.3
89,2,0.3
145,2,0.3
119,2,0.3
91,2,0.3
147,2,0.3
91,2,0.7
63,2,0.35
119,2,0.35
90,2,0.35
62,2,0.35
118,2,0.35
92,2,0.35
64,2,0.35
120,2,0.35
37,2,0.8
9,2,0.4
65,2,0.4
36,2,0.4
8,2,0.4
64,2,0.4
38,2,0.4
10,2,0.4
66,2,0.4
40,2,0.9
12,2,0.45
68,2,0.45
39,2,0.45
11,2,0.45
67,2,0.45
41,2,0.45
13,2,0.45
69,2,0.45
72,2,1.0
44,2,0.5
100,2,0.5
71,2,0.5
43,2,0.5
99,2,0.5
73,2,0.5
45,2,0.5
101,2,0.5
156,2,1.1
128,2,0.55
184,2,0.55
155,2,0.55
127,2,0.55
183,2,0.55
157,2,0.55
129,2,0.55
185,2,0.55
182,2,1.2
154,2,0.6
210,2,0.6
181,2,0.6
153,2,0.6
209,2,0.6
183,2,0.6
155,2,0.6
211,2,0.6
264,2,1.3
236,2,0.65
292,2,0.65
263,2,0.65
235,2,0.65
291,2,0.65
265,2,0.65
237,2,0.65
293,2,0.65
318,2,1.4
290,2,0.7
346,2,0.7
317,2,0.7
289,2,0.7
345,2,0.7
319,2,0.7
291,2,0.7
347,2,0.7
401,2,1.5
373,2,0.75
429,2,0.75
400,2,0.75
372,2,0.75
428,2,0.75
402,2,0.75
374,2,0.75
430,2,0.75
460,2,1.6
432,2,0.8
488,2,0.8
459,2,0.8
431,2,0.8
487,2,0.8
461,2,0.8
433,2,0.8
489,2,0.8
545,2,1.7
517,2,0.85
573,2,0.85
544,2,0.85
516,2,0.85
572,2,0.85
546,2,0.85
518,2,0.85
574,2,0.85
548,2,1.8
520,2,0.9
576,2,0.9
547,2,0.9
519,2,0.9
575,2,0.9
549,2,0.9
521,2,0.9
577,2,0.9
551,2,1.9
523,2,0.95
579,2,0.95
550,2,0.95
522,2,0.95
578,2,0.95
552,2,0.95
524,2,0.95
580,2,0.95
525,2,2.0
497,2,1.0
553,2,1.0
524,2,1.0
496,2,1.0
552,2,1.0
526,2,1.0
498,2,1.0
554,2,1.0
471,2,2.1
443,2,1.05
499,2,1.05
470,2,1.05
442,2,1.05
498,2,1.05
472,2,1.05
444,2,1.05
500,2,1.05
387,2,2.2
359,2,1.1
415,2,1.1
386,2,1.1
358,2,1.1
414,2,1.1
388,2,1.1
360,2,1.1
416,2,1.1
304,2,2.3
276,2,1.15
332,2,1.15
303,2,1.15
275,2,1.15
331,2,1.15
305,2,1.15
277,2,1.15
333,2,1.15
219,2,2.4
191,2,1.2
247,2,1.2
218,2,1.2
190,2,1.2
246,2,1.2
220,2,1.2
192,2,1.2
248,2,1.2
137,2,2.5
109,2,1.25
165,2,1.25
136,2,1.25
108,2,1.25
164,2,1.25
138,2,1.25
110,2,1.25
166,2,1.25
53,2,2.6
25,2,1.3
81,2,1.3
52,2,1.3
24,2,1.3
80,2,1.3
54,2,1.3
26,2,1.3
82,2,1.3
