42,2,0.279476823754
45,2,0.287078519021
48,2,0.29
51,2,0.287078519021
54,2,0.279476823754
57,2,0.265583671664
60,2,0.248286553114
68,1,0.988193551269
69,1,0.509605545771
71,2,0.726540145902
73,2,0.166915168357
74,2,1.65330128353
76,2,0.0779958376736
77,1,1.20627371907
77,2,1.693242767
78,1,0.450724910734
80,2,1.71
83,2,1.693242767
84,2,0.0779958376736
86,0,0.733902897272
86,1,0.953724447862
86,2,1.65330128353
87,0,0.805290648174
87,1,0.592939774711
87,2,0.166915168357
89,2,1.58987806691
90,2,0.265583671664
92,2,1.52198326389
93,2,0.3542478923
100,1,0.0151923795439
102,2,0.128717017659
103,2,1.18655055474
114,1,0.0733963328866
115,1,1.23330073627
118,0,0.540542502118
119,0,0.602021191174
131,2,0.355980535395
132,2,1.52798305115
145,1,0.229690230828
147,1,0.272899991314
148,0,0.547449894685
149,0,0.609233890888
150,0,1.23143301467
164,2,0.238523346734
177,1,1.43217948029
180,0,0.727985148868
181,0,0.799021089567
182,0,0.894055883673
207,0,0.312975112748
208,0,0.323420540932
215,0,0.697147256377
226,2,1.31494525766
227,2,0.52037166829
239,0,0.939588346023
240,0,0.956286155955
246,0,0.0224041381435
247,0,1.42799645662
248,0,0.0582615412277
258,2,0.282647386237
261,0,0.671246527912
262,0,0.269310583335
265,0,0.783506598719
266,0,0.90511101282
267,2,0.331317885276
268,2,0.171202580929
270,2,1.04475134127
271,2,0.945248844514
273,2,0.945248844514
274,2,1.04475134127
276,2,0.171202580929
277,2,0.331317885276
293,0,1.07691045344
294,0,0.557157535163
297,0,0.430408891062
298,0,0.522657132503
299,2,0.968253907204
300,2,0.725441252825
308,2,0.725441252825
309,2,0.968253907204
322,2,1.2548154591
323,2,0.491590241347
328,2,1.10111179783
329,2,0.670338388912
342,2,0.214278857156
343,2,1.44430224042
347,1,1.1328399468
348,1,0.585236369738
354,2,0.37663928839
357,2,1.34
358,2,0.66
359,1,1.62627862284
360,2,0.3005883371
361,2,0.0383680263617
375,2,0.454425673091
377,2,1.71
378,2,0.29
391,1,0.0816227028808
420,0,0.213372487692
421,0,1.54654281524
444,0,0.012325317105
453,0,0.549870712343
461,0,0.246746217586
462,0,0.149259147817
468,1,0.777477528251
469,1,0.756365236059
474,2,0.656273837421
475,0,0.369709644151
475,2,1.33246722927
476,0,1.87426046987
477,0,0.178343208089
489,0,0.300525341355
490,0,1.66443273121
493,0,1.09153733338
494,0,0.915266257077
503,1,0.303391133897
504,1,1.2682205266
506,0,0.107816187083
507,0,1.82168418378
508,0,0.363629824371
522,0,0.38533600577
536,1,0.0892712912303
537,1,0.519111854915
564,1,0.280263929602
568,1,0.201568922283
568,2,0.119574516233
569,1,0.667145979098
570,2,0.646596881931
571,2,1.31319580665
596,1,0.959275351331
596,2,0.315600997388
597,1,0.295469003017
597,2,0.490960570429
599,2,0.728780113434
600,2,1.19006173075
603,2,0.0734227241037
615,1,0.387611356731
622,2,0.783406394888
623,2,0.703813285055
625,2,0.703813285055
626,2,0.783406394888
628,2,0.629890515324
629,2,0.852306661168
645,2,0.0734227241037
646,1,0.218841475158
647,1,0.907292871428
648,2,0.0369156920804
651,2,1.09242080235
652,2,0.823692217147
654,2,0.437918055927
655,2,0.375161546491
657,2,0.375161546491
658,2,0.437918055927
677,2,1.31319580665
678,2,0.646596881931
680,2,1.21660993113
681,2,0.745527999515
683,2,0.0859205868094
