477,0,1.0
449,0,1.0
505,0,1.0
476,0,1.0
448,0,1.0
504,0,1.0
478,0,1.0
450,0,1.0
506,0,1.0
230,0,1.0
202,0,1.0
258,0,1.0
229,0,1.0
201,0,1.0
257,0,1.0
231,0,1.0
203,0,1.0
259,0,1.0
287,0,1.0
259,0,1.0
315,0,1.0
286,0,1.0
258,0,1.0
314,0,1.0
288,0,1.0
260,0,1.0
316,0,1.0
47,0,1.0
19,0,1.0
75,0,1.0
46,0,1.0
18,0,1.0
74,0,1.0
48,0,1.0
20,0,1.0
76,0,1.0
22,0,1.0
50,0,1.0
21,0,1.0
49,0,1.0
23,0,1.0
51,0,1.0
344,0,1.0
316,0,1.0
372,0,1.0
343,0,1.0
315,0,1.0
371,0,1.0
345,0,1.0
317,0,1.0
373,0,1.0
185,0,1.0
157,0,1.0
213,0,1.0
184,0,1.0
156,0,1.0
212,0,1.0
186,0,1.0
158,0,1.0
214,0,1.0
182,0,1.0
154,0,1.0
210,0,1.0
181,0,1.0
153,0,1.0
209,0,1.0
183,0,1.0
155,0,1.0
211,0,1.0
381,0,1.0
353,0,1.0
409,0,1.0
380,0,1.0
352,0,1.0
408,0,1.0
382,0,1.0
354,0,1.0
410,0,1.0
238,0,1.0
210,0,1.0
266,0,1.0
237,0,1.0
209,0,1.0
265,0,1.0
239,0,1.0
211,0,1.0
267,0,1.0
241,0,1.0
213,0,1.0
269,0,1.0
240,0,1.0
212,0,1.0
268,0,1.0
242,0,1.0
214,0,1.0
270,0,1.0
156,0,1.0
128,0,1.0
184,0,1.0
155,0,1.0
127,0,1.0
183,0,1.0
157,0,1.0
129,0,1.0
185,0,1.0
413,1,1.0
385,1,1.0
441,1,1.0
412,1,1.0
384,1,1.0
440,1,1.0
414,1,1.0
386,1,1.0
442,1,1.0
385,1,1.0
357,1,1.0
413,1,1.0
384,1,1.0
356,1,1.0
412,1,1.0
386,1,1.0
358,1,1.0
414,1,1.0
43,1,1.0
15,1,1.0
71,1,1.0
42,1,1.0
14,1,1.0
70,1,1.0
44,1,1.0
16,1,1.0
72,1,1.0
74,1,1.0
46,1,1.0
102,1,1.0
73,1,1.0
45,1,1.0
101,1,1.0
75,1,1.0
47,1,1.0
103,1,1.0
182,1,1.0
154,1,1.0
210,1,1.0
181,1,1.0
153,1,1.0
209,1,1.0
183,1,1.0
155,1,1.0
211,1,1.0
193,1,1.0
165,1,1.0
221,1,1.0
192,1,1.0
164,1,1.0
220,1,1.0
194,1,1.0
166,1,1.0
222,1,1.0
235,1,1.0
207,1,1.0
263,1,1.0
234,1,1.0
206,1,1.0
262,1,1.0
236,1,1.0
208,1,1.0
264,1,1.0
334,1,1.0
306,1,1.0
362,1,1.0
333,1,1.0
305,1,1.0
361,1,1.0
335,1,1.0
307,1,1.0
363,1,1.0
305,1,1.0
277,1,1.0
333,1,1.0
304,1,1.0
276,1,1.0
332,1,1.0
306,1,1.0
278,1,1.0
334,1,1.0
398,1,1.0
370,1,1.0
426,1,1.0
397,1,1.0
369,1,1.0
425,1,1.0
399,1,1.0
371,1,1.0
427,1,1.0
263,1,1.0
235,1,1.0
291,1,1.0
262,1,1.0
234,1,1.0
290,1,1.0
264,1,1.0
236,1,1.0
292,1,1.0
443,1,1.0
415,1,1.0
471,1,1.0
442,1,1.0
414,1,1.0
470,1,1.0
444,1,1.0
416,1,1.0
472,1,1.0
532,2,0.1
504,2,0.05
560,2,0.05
533,2,0.05
505,2,0.05
561,2,0.05
449,2,0.2
421,2,0.1
477,2,0.1
448,2,0.1
420,2,0.1
476,2,0.1
450,2,0.1
422,2,0.1
478,2,0.1
365,2,0.3
337,2,0.15
393,2,0.15
364,2,0.15
336,2,0.15
392,2,0.15
366,2,0.15
338,2,0.15
394,2,0.15
253,2,0.4
225,2,0.2
281,2,0.2
252,2,0.2
224,2,0.2
280,2,0.2
254,2,0.2
226,2,0.2
282,2,0.2
170,2,0.5
142,2,0.25
198,2,0.25
169,2,0.25
141,2,0.25
197,2,0.25
171,2,0.25
143,2,0.25
199,2,0.25
87,2,0.6
59,2,0.3
115,2,0.3
86,2,0.3
58,2,0.3
114,2,0.3
88,2,0.3
60,2,0.3
116,2,0.3
60,2,0.7
32,2,0.35
88,2,0.35
59,2,0.35
31,2,0.35
87,2,0.35
61,2,0.35
33,2,0.35
89,2,0.35
5,2,0.8
33,2,0.4
4,2,0.4
32,2,0.4
6,2,0.4
34,2,0.4
8,2,0.9
36,2,0.45
7,2,0.45
35,2,0.45
9,2,0.45
37,2,0.45
11,2,1.0
39,2,0.5
10,2,0.5
38,2,0.5
12,2,0.5
40,2,0.5
41,2,1.1
13,2,0.55
69,2,0.55
40,2,0.55
12,2,0.55
68,2,0.55
42,2,0.55
14,2,0.55
70,2,0.55
126,2,1.2
98,2,0.6
154,2,0.6
125,2,0.6
97,2,0.6
153,2,0.6
127,2,0.6
99,2,0.6
155,2,0.6
180,2,1.3
152,2,0.65
208,2,0.65
179,2,0.65
151,2,0.65
207,2,0.65
181,2,0.65
153,2,0.65
209,2,0.65
263,2,1.4
235,2,0.7
291,2,0.7
262,2,0.7
234,2,0.7
290,2,0.7
264,2,0.7
236,2,0.7
292,2,0.7
346,2,1.5
318,2,0.75
374,2,0.75
345,2,0.75
317,2,0.75
373,2,0.75
347,2,0.75
319,2,0.75
375,2,0.75
431,2,1.6
403,2,0.8
459,2,0.8
430,2,0.8
402,2,0.8
458,2,0.8
432,2,0.8
404,2,0.8
460,2,0.8
515,2,1.7
487,2,0.85
543,2,0.85
514,2,0.85
486,2,0.85
542,2,0.85
516,2,0.85
488,2,0.85
544,2,0.85
544,2,1.8
516,2,0.9
572,2,0.9
543,2,0.9
515,2,0.9
571,2,0.9
545,2,0.9
517,2,0.9
573,2,0.9
547,2,1.9
519,2,0.95
575,2,0.95
546,2,0.95
518,2,0.95
574,2,0.95
548,2,0.95
520,2,0.95
576,2,0.95
550,2,2.0
522,2,1.0
578,2,1.0
549,2,1.0
521,2,1.0
577,2,1.0
551,2,1.0
523,2,1.0
579,2,1.0
525,2,2.1
497,2,1.05
553,2,1.05
524,2,1.05
496,2,1.05
552,2,1.05
526,2,1.05
498,2,1.05
554,2,1.05
471,2,2.2
443,2,1.1
499,2,1.1
470,2,1.1
442,2,1.1
498,2,1.1
472,2,1.1
444,2,1.1
500,2,1.1
387,2,2.3
359,2,1.15
415,2,1.15
386,2,1.15
358,2,1.15
414,2,1.15
388,2,1.15
360,2,1.15
416,2,1.15
303,2,2.4
275,2,1.2
331,2,1.2
302,2,1.2
274,2,1.2
330,2,1.2
304,2,1.2
276,2,1.2
332,2,1.2
218,2,2.5
190,2,1.25
246,2,1.25
217,2,1.25
189,2,1.25
245,2,1.25
219,2,1.25
191,2,1.25
247,2,1.25
136,2,2.6
108,2,1.3
164,2,1.3
135,2,1.3
107,2,1.3
163,2,1.3
137,2,1.3
109,2,1.3
165,2,1.3
81,2,2.7
53,2,1.35
109,2,1.35
80,2,1.35
52,2,1.35
108,2,1.35
82,2,1.35
54,2,1.35
110,2,1.35
