287,0,1.0
259,0,0.5
315,0,0.5
286,0,0.5
258,0,0.5
314,0,0.5
288,0,0.5
260,0,0.5
316,0,0.5
312,0,1.0
284,0,0.5
340,0,0.5
311,0,0.5
283,0,0.5
339,0,0.5
313,0,0.5
285,0,0.5
341,0,0.5
347,0,1.0
319,0,0.5
375,0,0.5
346,0,0.5
318,0,0.5
374,0,0.5
348,0,0.5
320,0,0.5
376,0,0.5
402,0,1.0
374,0,0.5
430,0,0.5
401,0,0.5
373,0,0.5
429,0,0.5
403,0,0.5
375,0,0.5
431,0,0.5
128,0,1.0
100,0,0.5
156,0,0.5
127,0,0.5
99,0,0.5
155,0,0.5
129,0,0.5
101,0,0.5
157,0,0.5
519,0,1.0
491,0,0.5
547,0,0.5
518,0,0.5
490,0,0.5
546,0,0.5
520,0,0.5
492,0,0.5
548,0,0.5
317,0,1.0
289,0,0.5
345,0,0.5
316,0,0.5
288,0,0.5
344,0,0.5
318,0,0.5
290,0,0.5
346,0,0.5
34,0,1.0
6,0,0.5
62,0,0.5
33,0,0.5
5,0,0.5
61,0,0.5
35,0,0.5
7,0,0.5
63,0,0.5
95,0,1.0
67,0,0.5
123,0,0.5
94,0,0.5
66,0,0.5
122,0,0.5
96,0,0.5
68,0,0.5
124,0,0.5
462,0,1.0
434,0,0.5
490,0,0.5
461,0,0.5
433,0,0.5
489,0,0.5
463,0,0.5
435,0,0.5
491,0,0.5
150,0,1.0
122,0,0.5
178,0,0.5
149,0,0.5
121,0,0.5
177,0,0.5
151,0,0.5
123,0,0.5
179,0,0.5
266,0,1.0
238,0,0.5
294,0,0.5
265,0,0.5
237,0,0.5
293,0,0.5
267,0,0.5
239,0,0.5
295,0,0.5
450,1,0.5
422,1,0.5
478,1,0.5
449,1,0.5
421,1,0.5
477,1,0.5
451,1,0.5
423,1,0.5
479,1,0.5
146,1,0.5
118,1,0.5
174,1,0.5
145,1,0.5
117,1,0.5
173,1,0.5
147,1,0.5
119,1,0.5
175,1,0.5
77,1,0.5
49,1,0.5
105,1,0.5
76,1,0.5
48,1,0.5
104,1,0.5
78,1,0.5
50,1,0.5
106,1,0.5
401,1,0.5
373,1,0.5
429,1,0.5
400,1,0.5
372,1,0.5
428,1,0.5
402,1,0.5
374,1,0.5
430,1,0.5
496,1,0.5
468,1,0.5
524,1,0.5
495,1,0.5
467,1,0.5
523,1,0.5
497,1,0.5
469,1,0.5
525,1,0.5
374,1,0.5
346,1,0.5
402,1,0.5
373,1,0.5
345,1,0.5
401,1,0.5
375,1,0.5
347,1,0.5
403,1,0.5
179,1,0.5
151,1,0.5
207,1,0.5
178,1,0.5
150,1,0.5
206,1,0.5
180,1,0.5
152,1,0.5
208,1,0.5
484,1,0.5
456,1,0.5
512,1,0.5
483,1,0.5
455,1,0.5
511,1,0.5
485,1,0.5
457,1,0.5
513,1,0.5
72,1,0.5
44,1,0.5
100,1,0.5
71,1,0.5
43,1,0.5
99,1,0.5
73,1,0.5
45,1,0.5
101,1,0.5
62,1,0.5
34,1,0.5
90,1,0.5
61,1,0.5
33,1,0.5
89,1,0.5
63,1,0.5
35,1,0.5
91,1,0.5
300,1,0.5
272,1,0.5
328,1,0.5
299,1,0.5
271,1,0.5
327,1,0.5
301,1,0.5
273,1,0.5
329,1,0.5
138,1,0.5
110,1,0.5
166,1,0.5
137,1,0.5
109,1,0.5
165,1,0.5
139,1,0.5
111,1,0.5
167,1,0.5
534,2,0.1
537,2,0.2
540,2,0.3
516,2,0.4
519,2,0.5
494,2,0.6
469,2,0.7
472,2,0.8
388,2,0.9
275,2,1.0
272,2,1.1
213,2,1.2
183,2,1.3
180,2,1.4
204,2,1.5
258,2,1.6
255,2,1.7
252,2,1.8
168,2,1.9
85,2,2.0
31,2,2.1
6,2,2.2
9,2,2.3
13,2,2.4
17,2,2.5
20,2,2.6
22,2,2.7
25,2,2.8
