48,0,1.0
20,0,0.5
76,0,0.5
47,0,0.5
19,0,0.25
75,0,0.25
49,0,0.5
21,0,0.25
77,0,0.25
490,0,1.0
462,0,0.5
518,0,0.5
489,0,0.5
461,0,0.25
517,0,0.25
491,0,0.5
463,0,0.25
519,0,0.25
207,0,1.0
179,0,0.5
235,0,0.5
206,0,0.5
178,0,0.25
234,0,0.25
208,0,0.5
180,0,0.25
236,0,0.25
336,0,1.0
308,0,0.5
364,0,0.5
337,0,0.5
309,0,0.25
365,0,0.25
271,0,1.0
243,0,0.5
299,0,0.5
270,0,0.5
242,0,0.25
298,0,0.25
272,0,0.5
244,0,0.25
300,0,0.25
146,0,1.0
118,0,0.5
174,0,0.5
145,0,0.5
117,0,0.25
173,0,0.25
147,0,0.5
119,0,0.25
175,0,0.25
197,0,1.0
169,0,0.5
225,0,0.5
196,0,0.5
168,0,0.25
224,0,0.25
198,0,0.5
170,0,0.25
226,0,0.25
109,0,1.0
81,0,0.5
137,0,0.5
108,0,0.5
80,0,0.25
136,0,0.25
110,0,0.5
82,0,0.25
138,0,0.25
266,0,1.0
238,0,0.5
294,0,0.5
265,0,0.5
237,0,0.25
293,0,0.25
267,0,0.5
239,0,0.25
295,0,0.25
407,0,1.0
379,0,0.5
435,0,0.5
406,0,0.5
378,0,0.25
434,0,0.25
408,0,0.5
380,0,0.25
436,0,0.25
282,0,1.0
254,0,0.5
310,0,0.5
281,0,0.5
253,0,0.25
309,0,0.25
283,0,0.5
255,0,0.25
311,0,0.25
265,0,1.0
237,0,0.5
293,0,0.5
264,0,0.5
236,0,0.25
292,0,0.25
266,0,0.5
238,0,0.25
294,0,0.25
45,1,1.0
17,1,0.25
73,1,0.25
44,1,0.25
16,1,0.05
72,1,0.05
46,1,0.25
18,1,0.05
74,1,0.05
101,1,1.0
73,1,0.25
129,1,0.25
100,1,0.25
72,1,0.05
128,1,0.05
102,1,0.25
74,1,0.05
130,1,0.05
163,1,1.0
135,1,0.25
191,1,0.25
162,1,0.25
134,1,0.05
190,1,0.05
164,1,0.25
136,1,0.05
192,1,0.05
243,1,1.0
215,1,0.25
271,1,0.25
242,1,0.25
214,1,0.05
270,1,0.05
244,1,0.25
216,1,0.05
272,1,0.05
126,1,1.0
98,1,0.25
154,1,0.25
125,1,0.25
97,1,0.05
153,1,0.05
127,1,0.25
99,1,0.05
155,1,0.05
328,1,1.0
300,1,0.25
356,1,0.25
327,1,0.25
299,1,0.05
355,1,0.05
329,1,0.25
301,1,0.05
357,1,0.05
526,1,1.0
498,1,0.25
554,1,0.25
525,1,0.25
497,1,0.05
553,1,0.05
527,1,0.25
499,1,0.05
555,1,0.05
352,1,1.0
324,1,0.25
380,1,0.25
351,1,0.25
323,1,0.05
379,1,0.05
353,1,0.25
325,1,0.05
381,1,0.05
406,1,1.0
378,1,0.25
434,1,0.25
405,1,0.25
377,1,0.05
433,1,0.05
407,1,0.25
379,1,0.05
435,1,0.05
428,1,1.0
400,1,0.25
456,1,0.25
427,1,0.25
399,1,0.05
455,1,0.05
429,1,0.25
401,1,0.05
457,1,0.05
91,1,1.0
63,1,0.25
119,1,0.25
90,1,0.25
62,1,0.05
118,1,0.05
92,1,0.25
64,1,0.05
120,1,0.05
130,1,1.0
102,1,0.25
158,1,0.25
129,1,0.25
101,1,0.05
157,1,0.05
131,1,0.25
103,1,0.05
159,1,0.05
532,2,0.1
450,2,0.2
368,2,0.3
285,2,0.4
231,2,0.5
147,2,0.6
93,2,0.7
96,2,0.8
181,2,0.9
238,2,1.0
296,2,1.1
381,2,1.2
465,2,1.3
548,2,1.4
579,2,1.5
552,2,1.6
499,2,1.7
414,2,1.8
332,2,1.9
249,2,2.0
166,2,2.1
82,2,2.2
