42,2,0.279476823754
45,2,0.287078519021
48,2,0.29
51,2,0.287078519021
54,2,0.279476823754
57,2,0.265583671664
60,2,0.248286553114
71,2,0.726540145902
73,2,0.166915168357
74,2,1.65330128353
76,2,0.0779958376736
77,2,1.693242767
80,2,1.71
83,2,1.693242767
84,2,0.0779958376736
86,2,1.65330128353
87,2,0.166915168357
89,1,1.15043061307
89,2,1.58987806691
90,2,0.265583671664
92,2,1.52198326389
93,2,0.3542478923
99,2,0.210586688325
100,2,1.15029416855
102,2,0.128717017659
103,2,1.18655055474
107,1,0.734267815324
121,1,0.523645488552
122,1,0.121804750859
130,2,0.102369899058
132,2,0.70308057305
139,1,0.693780099819
145,0,0.340958079598
146,0,1.00214945423
150,0,0.477074472346
154,1,1.01188461279
155,1,0.406777170951
162,2,1.39916724457
163,2,0.557432843851
167,1,1.13261481763
168,1,0.444854835241
177,0,0.278597717126
178,0,0.901586854809
181,0,0.292198766646
182,0,1.58034464523
187,1,0.761872365165
188,1,0.849045999384
215,1,1.79432109096
226,2,0.016341763307
258,2,1.42129454815
259,2,0.566507760747
261,2,0.42503968304
262,2,0.0402806323353
264,2,0.38058652593
265,2,0.107250676925
278,1,1.45798181311
279,1,0.165417919006
293,2,1.12793348878
294,2,0.543806331562
296,2,1.05
297,2,0.635265593604
329,0,0.303007988722
330,0,0.585282821422
331,2,1.01511421982
332,2,0.763068312315
361,0,0.661859884194
362,0,1.04487604022
363,2,0.253575080343
364,2,0.1
366,2,1.05
367,2,0.95
369,2,0.95
370,2,1.05
372,2,0.86
373,2,1.14
374,0,0.177234543175
375,0,0.734735673356
375,2,0.0383680263617
376,2,0.3005883371
379,1,0.465074267305
380,1,0.465074267305
395,0,0.479152213072
396,0,0.759023101366
401,0,1.16583301031
405,1,0.00929884345006
406,0,0.436632890324
407,0,1.14997845598
407,2,0.670338388912
408,2,1.10111179783
410,2,0.297619314019
411,1,0.303928266136
411,2,0.759798403484
412,1,0.303928266136
427,0,0.562280285476
428,0,0.862422024884
433,0,0.95965787804
437,1,1.66835272439
442,2,0.357410580821
443,2,0.843237275843
460,0,0.47684378722
461,0,1.43666133357
486,0,1.52810075738
487,0,1.60934843667
493,0,0.465353742333
507,0,0.336833602483
507,2,0.57199439777
508,0,0.774729372416
508,2,0.387796538895
518,0,1.07824357294
519,0,0.494599969056
523,1,1.18323895817
525,0,0.102392785602
526,0,0.471576372491
534,1,1.26830946972
535,1,0.430980681528
539,0,0.491940837075
539,2,0.783776336359
540,0,0.995306970327
540,2,0.57199439777
549,1,0.789299954296
555,1,0.422211444844
557,0,0.641987202498
558,0,1.23884009356
569,2,0.180054945884
570,2,1.73129942315
581,1,0.926036682306
587,0,0.628471742836
588,0,1.4853034595
599,2,0.246375182657
600,2,0.545627282984
602,2,0.180054945884
619,2,0.852306661168
620,0,0.14878461104
620,2,0.629890515324
622,2,0.783406394888
623,2,0.703813285055
625,2,0.703813285055
626,2,0.783406394888
628,2,0.629890515324
629,2,0.852306661168
631,2,0.545627282984
632,2,0.925197692596
645,2,1.27909778749
646,2,0.628978483028
648,2,1.18655055474
649,2,0.726540145902
651,2,0.490960570429
652,2,0.315600997388
654,2,0.437918055927
655,2,0.375161546491
657,2,0.375161546491
658,2,0.437918055927
660,2,0.315600997388
661,2,0.490960570429
677,2,0.167051555553
680,2,0.128717017659
