688,5
685,5
679,3
678,3
684,3
685,3
680,3
672,3
672,7
685,7
698,3
707,3
710,3
717,3
727,3
733,3
733,3
728,3
727,3
731,3
730,3
720,5
706,5
696,5
688,5
675,0
654,0
634,5
618,5
608,5
598,4
589,4
577,4
565,4
553,2
548,2
551,2
555,2
553,0
550,5
545,5
541,4
538,2
535,2
539,6
545,1
554,6
578,6
591,2
596,2
591,2
593,2
597,2
594,4
587,4
586,4
585,0
571,0
561,2
559,4
554,4
546,4
536,2
532,2
530,2
526,2
524,2
520,2
521,2
526,2
523,2
515,2
510,2
506,4
500,0
494,0
481,5
467,5
460,0
453,0
442,0
425,0
405,0
377,0
350,5
334,5
314,0
286,0
258,5
233,5
213,5
195,5
181,3
170,3
162,3
150,5
130,3
119,3
115,3
114,3
112,3
114,3
126,7
146,7
159,3
158,3
155,3
154,3
157,3
154,5
147,0
134,0
125,5
122,7
125,1
127,1
128,2
128,5
127,5
126,3
125,7
