706,5
699,5
693,3
694,3
701,3
700,5
687,5
675,3
672,3
673,3
666,5
654,5
641,3
633,3
628,3
621,5
610,3
603,3
613,7
628,3
636,3
637,3
639,3
648,3
652,3
649,3
640,3
631,3
621,5
607,5
584,5
568,5
559,5
553,0
543,4
533,4
522,4
503,4
478,4
460,4
445,4
429,4
409,4
396,2
393,2
392,2
390,2
386,2
389,6
404,6
427,2
435,2
437,2
445,6
458,2
466,2
464,4
455,2
449,2
453,6
468,6
480,2
488,2
495,6
505,2
508,4
497,5
479,5
460,5
444,0
427,0
410,5
398,5
387,5
376,5
358,0
333,0
311,5
293,5
272,5
252,5
228,5
209,5
198,3
188,3
181,3
171,3
170,3
179,3
187,3
189,3
189,3
189,0
176,0
147,0
116,0
93,5
73,5
58,5
42,3
47,7
63,3
73,3
77,3
81,3
89,7
98,3
98,0
94,2
93,5
93,6
94,6
94,7
94,5
94,5
93,3
94,7
101,1
117,1
