45,2,0.287078519021
48,2,1.81
51,2,1.78529089446
52,2,0.090523631987
54,2,1.73129942315
55,2,0.180054945884
57,2,1.65330128353
58,2,0.279476823754
60,2,0.248286553114
71,1,0.884830974714
73,1,1.38159360033
74,1,0.169644376675
74,2,0.745527999515
76,2,0.0779958376736
77,2,1.693242767
80,2,0.19
81,0,0.461780704497
82,0,0.179356056964
83,2,0.187239673867
86,2,0.180054945884
89,2,0.166915168357
92,2,1.52198326389
93,2,0.3542478923
103,1,0.773650492022
105,1,0.0325488495619
105,2,0.0369156920804
106,2,1.21660993113
113,0,1.15453735623
114,0,0.710258611862
122,0,0.517878716529
134,2,0.267227654884
135,2,1.59688711259
149,1,1.23892389822
150,1,0.450304882235
153,0,0.437110524576
154,0,1.42158297566
167,2,0.255723645749
211,0,0.719725672332
212,0,0.481232796236
230,2,0.248286553114
231,2,1.52198326389
236,0,0.761148305972
237,0,1.35933135293
243,0,0.865205094436
244,0,0.601675666078
244,1,0.177091033118
245,1,0.886290964638
263,2,0.3542478923
265,2,0.542845238144
269,0,0.0822030697218
277,1,0.438631640211
281,1,0.493837414197
282,1,1.22385162114
297,2,1.36494094763
298,2,0.188012141321
345,0,0.183074666759
356,1,0.809847973702
357,1,0.627025879678
361,2,0.19
362,2,1.81
377,0,1.29966104246
378,0,0.785819325908
388,1,0.00808955493391
407,0,1.14200748152
408,0,0.252140124054
431,1,0.494312810213
439,0,0.876093653214
440,0,0.107375245716
457,0,0.763987596232
457,2,0.187239673868
458,0,0.37149643331
458,2,1.78529089446
463,1,1.19189065296
464,1,1.41190991585
465,1,0.267594797157
489,0,0.965117918331
490,0,0.518352900515
490,2,0.090523631987
491,2,0.57199439777
492,2,0.387796538895
499,1,0.0508944028119
500,1,1.54564043921
501,0,1.90477003372
502,0,1.27643628586
503,2,0.315600997388
504,2,0.629890515324
506,2,0.2406819503
507,2,0.682730095994
509,2,0.171202580929
510,2,0.725441252825
523,2,0.783776336359
524,2,0.57199439777
526,2,0.837502688175
527,1,0.331434268972
527,2,0.754447913574
529,2,0.754447913574
530,0,0.481695535236
530,2,0.837502688175
531,0,0.614802799709
532,2,0.677691412718
533,0,0.753077141349
533,2,0.909816529203
534,0,0.9840052309
535,2,0.490960570429
536,2,0.852306661168
538,2,0.407768861
539,2,0.915933581371
541,2,0.331317885276
542,2,0.968253907204
558,2,0.365558199262
559,1,0.894502539942
559,2,0.305479418833
560,1,0.285266698516
561,2,0.305479418833
562,0,0.706620214238
562,2,0.365558199262
563,0,0.865824481754
564,2,0.248286553114
565,2,0.416175514774
598,1,0.515205591704
605,2,0.107250676925
606,2,0.635265593604
618,0,1.69400510371
619,0,0.391221799334
623,1,0.443599842301
624,1,0.893266919541
629,1,0.1274962647
630,1,0.828866053574
637,2,0.38058652593
638,2,1.05
645,2,1.27909778749
646,2,0.628978483028
648,2,1.18655055474
649,2,0.726540145902
650,0,0.24499363936
651,2,1.09242080235
652,2,0.823692217147
654,2,1.00672259665
655,2,0.910688290708
656,1,0.167086027762
657,2,0.910688290708
658,2,1.00672259665
660,2,0.823692217147
661,2,1.09242080235
663,2,0.726540145902
664,2,1.18655055474
666,2,0.628978483028
667,2,1.27909778749
677,2,0.167051555553
680,2,0.128717017659
683,2,0.0859205868094
686,2,0.0438302732125
690,2,0.0438302732125
693,2,0.0859205868094
696,2,0.128717017659
699,2,0.167051555553
