513,0,1.0
485,0,1.0
541,0,1.0
512,0,1.0
484,0,1.0
540,0,1.0
514,0,1.0
486,0,1.0
542,0,1.0
238,0,1.0
210,0,1.0
266,0,1.0
237,0,1.0
209,0,1.0
265,0,1.0
239,0,1.0
211,0,1.0
267,0,1.0
277,0,1.0
249,0,1.0
305,0,1.0
276,0,1.0
248,0,1.0
304,0,1.0
278,0,1.0
250,0,1.0
306,0,1.0
209,0,1.0
181,0,1.0
237,0,1.0
208,0,1.0
180,0,1.0
236,0,1.0
210,0,1.0
182,0,1.0
238,0,1.0
397,0,1.0
369,0,1.0
425,0,1.0
396,0,1.0
368,0,1.0
424,0,1.0
398,0,1.0
370,0,1.0
426,0,1.0
132,0,1.0
104,0,1.0
160,0,1.0
131,0,1.0
103,0,1.0
159,0,1.0
133,0,1.0
105,0,1.0
161,0,1.0
199,0,1.0
171,0,1.0
227,0,1.0
198,0,1.0
170,0,1.0
226,0,1.0
200,0,1.0
172,0,1.0
228,0,1.0
66,0,1.0
38,0,1.0
94,0,1.0
65,0,1.0
37,0,1.0
93,0,1.0
67,0,1.0
39,0,1.0
95,0,1.0
48,0,1.0
20,0,1.0
76,0,1.0
47,0,1.0
19,0,1.0
75,0,1.0
49,0,1.0
21,0,1.0
77,0,1.0
69,0,1.0
41,0,1.0
97,0,1.0
68,0,1.0
40,0,1.0
96,0,1.0
70,0,1.0
42,0,1.0
98,0,1.0
171,0,1.0
143,0,1.0
199,0,1.0
170,0,1.0
142,0,1.0
198,0,1.0
172,0,1.0
144,0,1.0
200,0,1.0
269,0,1.0
241,0,1.0
297,0,1.0
268,0,1.0
240,0,1.0
296,0,1.0
270,0,1.0
242,0,1.0
298,0,1.0
165,1,1.0
137,1,1.0
193,1,1.0
164,1,1.0
136,1,1.0
192,1,1.0
166,1,1.0
138,1,1.0
194,1,1.0
523,1,1.0
495,1,1.0
551,1,1.0
522,1,1.0
494,1,1.0
550,1,1.0
524,1,1.0
496,1,1.0
552,1,1.0
172,1,1.0
144,1,1.0
200,1,1.0
171,1,1.0
143,1,1.0
199,1,1.0
173,1,1.0
145,1,1.0
201,1,1.0
269,1,1.0
241,1,1.0
297,1,1.0
268,1,1.0
240,1,1.0
296,1,1.0
270,1,1.0
242,1,1.0
298,1,1.0
296,1,1.0
268,1,1.0
324,1,1.0
295,1,1.0
267,1,1.0
323,1,1.0
297,1,1.0
269,1,1.0
325,1,1.0
131,1,1.0
103,1,1.0
159,1,1.0
130,1,1.0
102,1,1.0
158,1,1.0
132,1,1.0
104,1,1.0
160,1,1.0
354,1,1.0
326,1,1.0
382,1,1.0
353,1,1.0
325,1,1.0
381,1,1.0
355,1,1.0
327,1,1.0
383,1,1.0
87,1,1.0
59,1,1.0
115,1,1.0
86,1,1.0
58,1,1.0
114,1,1.0
88,1,1.0
60,1,1.0
116,1,1.0
298,1,1.0
270,1,1.0
326,1,1.0
297,1,1.0
269,1,1.0
325,1,1.0
299,1,1.0
271,1,1.0
327,1,1.0
128,1,1.0
100,1,1.0
156,1,1.0
127,1,1.0
99,1,1.0
155,1,1.0
129,1,1.0
101,1,1.0
157,1,1.0
130,1,1.0
102,1,1.0
158,1,1.0
129,1,1.0
101,1,1.0
157,1,1.0
131,1,1.0
103,1,1.0
159,1,1.0
378,1,1.0
350,1,1.0
406,1,1.0
377,1,1.0
349,1,1.0
405,1,1.0
379,1,1.0
351,1,1.0
407,1,1.0
532,2,0.1
504,2,0.05
560,20.05
533,20.05
505,20.05
561,20.05
450,2,0.2
422,2,0.1
478,20.1
449,20.1
421,20.1
477,20.1
451,20.1
423,20.1
479,20.1
368,2,0.3
340,2,0.15
396,20.15
367,20.15
339,20.15
395,20.15
369,20.15
341,20.15
397,20.15
285,2,0.4
257,2,0.2
313,20.2
284,20.2
256,20.2
312,20.2
286,20.2
258,20.2
314,20.2
231,2,0.5
203,2,0.25
259,20.25
230,20.25
202,20.25
258,20.25
232,20.25
204,20.25
260,20.25
147,2,0.6
119,2,0.3
175,20.3
146,20.3
118,20.3
174,20.3
148,20.3
120,20.3
176,20.3
93,2,0.7
65,2,0.35
121,20.35
92,20.35
64,20.35
120,20.35
94,20.35
66,20.35
122,20.35
96,2,0.8
68,2,0.4
124,20.4
95,20.4
67,20.4
123,20.4
97,20.4
69,20.4
125,20.4
181,2,0.9
153,2,0.45
209,20.45
180,20.45
152,20.45
208,20.45
182,20.45
154,20.45
210,20.45
238,2,1.0
210,2,0.5
266,20.5
237,20.5
209,20.5
265,20.5
239,20.5
211,20.5
267,20.5
296,2,1.1
268,2,0.55
324,20.55
295,20.55
267,20.55
323,20.55
297,20.55
269,20.55
325,20.55
381,2,1.2
353,2,0.6
409,20.6
380,20.6
352,20.6
408,20.6
382,20.6
354,20.6
410,20.6
465,2,1.3
437,2,0.65
493,20.65
464,20.65
436,20.65
492,20.65
466,20.65
438,20.65
494,20.65
548,2,1.4
520,2,0.7
576,20.7
547,20.7
519,20.7
575,20.7
549,20.7
521,20.7
577,20.7
579,2,1.5
551,2,0.75
607,20.75
578,20.75
550,20.75
606,20.75
580,20.75
552,20.75
608,20.75
552,2,1.6
524,2,0.8
580,20.8
551,20.8
523,20.8
579,20.8
553,20.8
525,20.8
581,20.8
499,2,1.7
471,2,0.85
527,20.85
498,20.85
470,20.85
526,20.85
500,20.85
472,20.85
528,20.85
414,2,1.8
386,2,0.9
442,20.9
413,20.9
385,20.9
441,20.9
415,20.9
387,20.9
443,20.9
332,2,1.9
304,2,0.95
360,20.95
331,20.95
303,20.95
359,20.95
333,20.95
305,20.95
361,20.95
249,2,2.0
221,2,1.0
277,21.0
248,21.0
220,21.0
276,21.0
250,21.0
222,21.0
278,21.0
166,2,2.1
138,2,1.05
194,21.05
165,21.05
137,21.05
193,21.05
167,21.05
139,21.05
195,21.05
82,2,2.2
54,2,1.1
110,21.1
81,21.1
53,21.1
109,21.1
83,21.1
55,21.1
111,21.1
