672,1
673,5
671,3
668,5
663,3
660,5
657,5
655,7
659,7
667,7
672,3
673,5
668,5
662,5
654,3
650,3
650,3
653,3
655,3
657,3
667,3
682,3
688,3
687,3
686,3
689,3
690,3
682,3
673,3
668,3
667,3
660,5
647,5
635,5
624,5
614,5
600,0
583,0
569,5
560,0
543,4
521,4
500,4
473,4
446,4
432,2
422,2
407,4
389,2
378,2
375,2
371,2
362,2
353,2
347,2
340,2
328,2
313,2
303,2
297,2
287,4
270,4
252,4
230,4
205,0
182,5
166,3
157,5
146,3
137,3
138,3
143,3
143,3
140,3
141,3
144,3
142,3
141,3
140,3
142,3
146,3
143,3
136,3
136,3
140,3
143,3
137,3
129,3
126,3
127,1
129,2
129,6
131,7
131,5
130,7
132,7
133,2
133,2
136,6
139,6
