154,4
152,4
151,0
141,5
124,3
122,7
130,1
143,6
160,6
173,1
180,6
186,6
197,6
209,1
230,1
260,1
288,1
318,1
354,1
394,1
432,1
462,6
494,1
526,1
563,6
591,6
613,6
629,6
648,6
663,2
663,2
659,2
656,2
653,4
639,4
615,4
591,4
563,4
536,0
504,0
472,0
438,0
402,0
373,5
342,5
312,0
276,0
244,0
215,0
194,4
178,4
167,4
150,4
123,4
104,2
97,2
95,2
93,2
93,6
105,6
127,6
148,6
174,6
202,6
235,1
270,6
301,1
335,1
368,1
403,1
433,1
465,1
502,1
541,1
579,1
611,6
638,1
662,1
684,6
697,2
697,2
697,6
698,2
698,2
697,1
698,3
698,3
697,3
697,3
695,3
693,3
