683,4
681,6
683,6
686,1
690,7
693,3
693,3
694,7
699,3
701,3
699,3
701,3
707,3
704,3
694,3
687,3
685,3
680,3
671,3
665,3
664,3
662,3
654,3
643,3
634,3
629,5
617,5
595,5
575,5
561,5
545,0
524,4
495,4
464,4
431,4
406,4
382,4
363,4
340,4
324,2
313,2
306,2
296,2
291,2
292,2
296,2
298,2
303,6
314,6
333,6
347,2
354,2
359,2
363,2
353,4
327,0
299,0
267,0
234,5
210,5
190,5
173,5
159,3
158,3
163,3
160,3
153,3
155,3
165,3
166,3
161,3
159,3
156,3
148,5
135,3
127,3
127,3
124,3
121,3
117,3
128,7
144,3
148,3
142,3
137,7
140,7
143,6
145,2
146,2
146,0
144,2
144,2
145,5
143,3
