36,0,1.0
8,0,0.5
64,0,0.5
35,0,0.5
7,0,0.25
63,0,0.25
37,0,0.5
9,0,0.25
65,0,0.25
466,0,1.0
438,0,0.5
494,0,0.5
465,0,0.5
437,0,0.25
493,0,0.25
467,0,0.5
439,0,0.25
495,0,0.25
434,0,1.0
406,0,0.5
462,0,0.5
433,0,0.5
405,0,0.25
461,0,0.25
435,0,0.5
407,0,0.25
463,0,0.25
479,0,1.0
451,0,0.5
507,0,0.5
478,0,0.5
450,0,0.25
506,0,0.25
480,0,0.5
452,0,0.25
508,0,0.25
479,0,1.0
451,0,0.5
507,0,0.5
478,0,0.5
450,0,0.25
506,0,0.25
480,0,0.5
452,0,0.25
508,0,0.25
207,0,1.0
179,0,0.5
235,0,0.5
206,0,0.5
178,0,0.25
234,0,0.25
208,0,0.5
180,0,0.25
236,0,0.25
241,0,1.0
213,0,0.5
269,0,0.5
240,0,0.5
212,0,0.25
268,0,0.25
242,0,0.5
214,0,0.25
270,0,0.25
150,0,1.0
122,0,0.5
178,0,0.5
149,0,0.5
121,0,0.25
177,0,0.25
151,0,0.5
123,0,0.25
179,0,0.25
172,0,1.0
144,0,0.5
200,0,0.5
171,0,0.5
143,0,0.25
199,0,0.25
173,0,0.5
145,0,0.25
201,0,0.25
523,0,1.0
495,0,0.5
551,0,0.5
522,0,0.5
494,0,0.25
550,0,0.25
524,0,0.5
496,0,0.25
552,0,0.25
177,0,1.0
149,0,0.5
205,0,0.5
176,0,0.5
148,0,0.25
204,0,0.25
178,0,0.5
150,0,0.25
206,0,0.25
212,0,1.0
184,0,0.5
240,0,0.5
211,0,0.5
183,0,0.25
239,0,0.25
213,0,0.5
185,0,0.25
241,0,0.25
88,1,1.0
60,1,0.25
116,1,0.25
87,1,0.25
59,1,0.05
115,1,0.05
89,1,0.25
61,1,0.05
117,1,0.05
175,1,1.0
147,1,0.25
203,1,0.25
174,1,0.25
146,1,0.05
202,1,0.05
176,1,0.25
148,1,0.05
204,1,0.05
495,1,1.0
467,1,0.25
523,1,0.25
494,1,0.25
466,1,0.05
522,1,0.05
496,1,0.25
468,1,0.05
524,1,0.05
384,1,1.0
356,1,0.25
412,1,0.25
383,1,0.25
355,1,0.05
411,1,0.05
385,1,0.25
357,1,0.05
413,1,0.05
322,1,1.0
294,1,0.25
350,1,0.25
321,1,0.25
293,1,0.05
349,1,0.05
323,1,0.25
295,1,0.05
351,1,0.05
467,1,1.0
439,1,0.25
495,1,0.25
466,1,0.25
438,1,0.05
494,1,0.05
468,1,0.25
440,1,0.05
496,1,0.05
320,1,1.0
292,1,0.25
348,1,0.25
319,1,0.25
291,1,0.05
347,1,0.05
321,1,0.25
293,1,0.05
349,1,0.05
428,1,1.0
400,1,0.25
456,1,0.25
427,1,0.25
399,1,0.05
455,1,0.05
429,1,0.25
401,1,0.05
457,1,0.05
456,1,1.0
428,1,0.25
484,1,0.25
455,1,0.25
427,1,0.05
483,1,0.05
457,1,0.25
429,1,0.05
485,1,0.05
197,1,1.0
169,1,0.25
225,1,0.25
196,1,0.25
168,1,0.05
224,1,0.05
198,1,0.25
170,1,0.05
226,1,0.05
320,1,1.0
292,1,0.25
348,1,0.25
319,1,0.25
291,1,0.05
347,1,0.05
321,1,0.25
293,1,0.05
349,1,0.05
407,1,1.0
379,1,0.25
435,1,0.25
406,1,0.25
378,1,0.05
434,1,0.05
408,1,0.25
380,1,0.05
436,1,0.05
534,2,0.1
537,2,0.2
540,2,0.3
543,2,0.4
546,2,0.5
549,2,0.6
552,2,0.7
555,2,0.8
503,2,0.9
418,2,1.0
415,2,1.1
412,2,1.2
438,2,1.3
435,2,1.4
432,2,1.5
400,2,1.6
371,2,1.7
259,2,1.8
202,2,1.9
172,2,2.0
88,2,2.1
34,2,2.2
9,2,2.3
13,2,2.4
17,2,2.5
20,2,2.6
22,2,2.7
25,2,2.8
