145,2
144,2
142,3
143,3
145,0
143,2
142,2
143,2
147,1
161,1
174,1
181,7
186,7
189,1
195,6
209,6
231,6
259,1
302,1
348,1
393,1
436,1
472,1
496,6
515,6
536,6
560,6
579,6
596,6
620,6
649,6
663,2
667,6
683,6
705,2
706,2
700,2
703,2
708,2
697,4
667,0
630,0
592,0
558,0
521,0
477,0
430,0
385,0
341,0
296,0
252,5
211,0
175,0
142,0
108,4
76,2
66,2
76,2
91,6
111,6
147,6
187,6
229,6
275,1
326,1
376,1
427,1
479,1
527,1
574,1
614,1
645,1
665,1
676,1
682,1
685,5
681,0
676,2
675,2
674,4
671,0
666,5
660,5
655,7
657,7
