667,6
669,4
667,4
665,2
664,0
663,5
660,0
656,6
657,6
660,0
648,0
622,5
608,3
606,3
604,5
593,3
585,3
589,3
601,3
606,3
610,7
625,7
640,3
642,3
640,7
643,7
645,7
645,2
646,2
645,6
646,3
646,3
646,3
647,2
647,2
646,0
646,1
647,1
649,6
650,4
650,5
649,3
649,3
649,3
648,3
648,7
659,1
686,7
706,3
713,3
712,3
705,5
683,5
656,5
635,5
615,5
591,5
579,3
575,5
566,0
552,3
551,3
549,5
530,0
498,0
462,0
426,4
401,4
377,4
351,4
328,2
319,2
319,2
311,2
303,2
311,2
323,2
332,6
351,6
382,6
405,2
422,2
432,2
429,4
405,4
375,4
340,0
305,0
267,0
220,5
176,5
147,5
125,5
107,3
103,3
116,3
122,3
132,7
154,7
175,3
190,3
207,3
223,3
227,3
222,3
213,5
193,5
156,5
132,5
124,5
111,5
107,1
120,1
127,5
124,4
117,2
117,7
119,3
119,5
117,5
