669,1
676,1
682,3
681,5
673,5
665,3
661,3
663,3
672,3
680,3
674,3
675,3
688,3
698,3
699,3
707,3
723,3
730,3
732,3
735,3
730,5
709,5
691,5
674,5
652,5
624,5
595,0
569,0
542,4
512,0
481,0
451,4
432,2
427,4
424,0
421,2
420,2
425,2
430,2
431,2
437,6
459,6
482,6
502,6
529,6
557,2
566,2
564,2
560,2
546,4
513,4
480,4
444,4
406,4
375,4
347,4
316,0
277,0
236,0
196,5
163,5
137,5
117,3
104,3
104,3
99,3
81,3
71,3
71,3
71,3
76,3
92,3
103,3
103,3
107,3
117,3
117,5
112,7
117,1
136,1
146,3
143,5
137,4
130,4
127,3
128,5
123,0
121,6
121,2
