25,4
23,4
-3,5
-3,0
-3,0
-3,2
-3,2
-3,2
-4,2
-4,5
-4,3
-4,2
-4,2
-4,2
-4,4
-4,0
-4,5
-33,0
-33,2
-33,2
-33,2
-33,6
-34,6
-34,3
-34,4
-34,1
-5,6
-5,6
-5,7
-5,2
-5,1
-5,4
-5,6
-5,2
-5,5
-34,3
-4,1
-4,1
22,1
49,1
79,1
107,1
162,1
190,1
246,1
303,1
331,1
387,1
414,6
470,6
497,6
524,2
523,2
522,2
521,2
519,4
518,4
489,4
461,0
432,0
376,0
347,0
292,0
265,0
208,0
153,0
125,0
69,4
68,4
38,2
8,2
7,2
34,2
32,6
60,6
59,6
86,6
114,6
141,6
169,6
195,1
224,1
252,1
280,1
308,1
365,1
392,1
449,1
477,1
505,1
505,1
505,3
505,5
505,5
506,0
505,6
505,2
505,4
505,4
477,7
477,3
477,3
477,7
