643,0
641,1
642,7
646,7
653,7
657,3
657,7
659,7
663,5
660,0
651,3
648,3
655,3
662,3
665,3
664,3
669,3
677,3
672,3
668,3
669,3
661,3
645,3
635,3
623,5
601,5
579,5
570,5
560,0
547,6
548,4
542,5
526,5
503,0
486,4
463,4
437,4
404,4
375,2
356,2
338,2
326,2
327,2
326,2
321,2
321,2
319,2
305,2
292,2
276,4
250,0
218,0
182,5
155,3
145,3
129,5
110,3
96,3
79,5
54,3
42,3
50,3
60,3
68,3
81,3
94,3
98,3
104,7
116,3
120,5
115,5
111,5
110,7
113,1
117,7
121,1
127,1
131,5
127,5
119,0
111,1
115,7
120,3
118,3
119,6
126,6
134,1
142,1
145,7
147,3
146,0
135,4
119,0
