-3,4
-3,2
-4,2
-4,1
-4,7
-4,3
-4,4
-4,2
-4,2
-4,3
-33,3
-33,3
-33,6
-33,1
-4,1
-4,4
-33,2
-33,2
-34,2
-34,3
-34,7
-4,7
-4,7
-4,7
-4,7
-4,6
-4,6
22,1
22,1
79,1
107,1
134,1
190,1
217,1
274,1
301,1
356,6
384,6
410,6
438,6
466,6
493,2
492,2
491,2
491,0
463,0
463,0
406,0
379,0
350,0
295,0
267,0
210,0
183,0
127,4
127,4
98,4
70,2
69,2
68,2
95,6
94,6
149,6
176,6
202,1
231,6
286,6
314,6
313,6
368,6
394,6
422,6
450,1
478,1
477,6
477,1
505,3
506,3
506,3
506,6
506,2
505,4
505,4
477,7
505,7
505,3
505,2
505,2
505,2
505,3
