505,7
505,1
532,2
532,6
532,1
532,7
561,7
562,3
563,3
564,3
565,3
566,5
538,5
538,3
539,3
513,5
514,5
514,5
514,4
486,0
486,0
486,3
486,7
486,7
486,1
515,7
542,3
543,3
544,3
545,3
546,5
520,5
520,5
493,5
493,5
466,3
467,3
468,5
468,3
441,3
442,3
443,3
471,3
444,5
445,5
445,5
416,0
390,0
389,4
360,0
333,4
304,4
275,4
274,4
246,4
215,2
214,2
214,6
242,6
241,2
268,2
267,2
237,2
236,4
235,2
205,2
205,6
233,6
261,6
288,2
287,6
314,6
313,6
339,2
338,2
337,4
309,4
308,4
280,0
252,0
224,0
168,0
141,5
113,5
58,5
30,5
31,3
32,3
34,3
35,3
37,3
39,3
69,3
71,3
71,7
100,7
101,3
130,3
102,3
103,5
103,0
75,0
46,0
46,5
20,5
20,3
20,3
22,3
22,7
51,7
52,7
53,7
82,1
82,1
82,1
82,1
82,7
82,4
82,4
82,4
82,2
82,2
82,2
