693,0
691,6
692,6
694,1
696,3
694,3
688,3
684,3
683,3
687,3
690,3
690,3
688,3
691,3
695,3
696,3
696,3
698,3
704,3
706,3
707,3
714,3
724,3
727,3
720,3
709,3
700,5
688,5
673,0
658,0
646,0
629,0
614,0
605,6
609,6
620,2
624,2
619,2
612,2
610,2
606,2
597,2
583,2
577,2
570,2
560,2
548,2
537,2
521,4
495,4
466,4
434,4
403,4
369,0
331,4
299,0
274,5
253,5
226,5
198,5
173,5
157,5
139,5
116,5
101,3
96,3
90,3
84,3
81,3
93,3
106,3
115,3
122,3
130,3
135,3
134,3
132,3
135,7
142,7
153,7
160,7
168,1
173,6
174,6
176,2
176,4
176,4
174,4
