175,7
176,2
176,2
176,2
175,6
180,1
195,1
225,1
261,1
298,1
340,1
384,1
429,1
469,1
503,1
529,6
541,2
542,2
546,6
563,6
580,2
593,6
612,6
630,2
629,4
612,2
600,2
598,2
603,2
602,2
599,6
605,6
616,6
621,0
611,0
592,0
576,0
559,4
540,0
516,0
486,0
454,0
423,5
408,3
401,3
394,5
369,5
339,5
313,5
287,0
262,0
233,0
207,0
180,0
157,4
144,2
139,2
141,2
146,2
154,6
169,6
192,6
214,6
234,6
256,1
289,1
322,6
345,6
367,6
387,6
412,1
443,1
470,6
497,1
522,1
544,1
558,1
568,6
581,6
600,6
624,6
641,1
658,1
671,1
679,1
683,1
687,1
691,6
693,5
691,0
684,4
677,4
672,4
668,5
