682,5
676,5
667,3
662,3
665,3
674,3
687,3
691,3
693,3
701,3
708,7
720,3
730,3
740,3
748,3
747,5
731,5
715,3
710,3
706,5
692,5
673,5
659,5
640,5
620,5
594,5
566,5
539,0
510,0
488,0
462,5
437,0
416,4
394,0
370,0
345,4
333,2
338,6
351,2
354,2
345,2
334,2
331,2
331,2
327,2
321,2
317,2
316,2
309,2
301,2
296,2
295,2
301,2
306,2
303,2
301,2
309,2
318,2
311,4
295,4
280,4
262,0
238,5
212,5
187,5
164,5
146,3
139,3
131,3
121,3
118,3
112,5
98,5
81,3
84,7
105,7
125,7
149,7
178,7
199,3
193,5
173,5
154,3
141,3
130,3
118,3
115,3
119,3
124,3
130,3
135,3
140,7
143,7
146,1
148,6
150,6
151,6
153,1
155,1
156,1
158,7
