674,5
672,5
668,3
671,7
678,7
687,3
690,3
684,3
674,3
669,3
666,3
663,3
665,3
676,3
689,3
695,3
699,3
707,3
720,3
725,3
718,3
711,3
702,3
689,5
669,5
651,5
633,0
614,4
590,4
559,4
531,4
514,4
502,3
497,3
503,3
504,3
495,5
485,5
478,3
478,3
480,0
464,0
441,4
424,4
406,4
392,2
385,2
384,2
383,2
378,2
372,2
371,2
370,2
369,2
371,6
386,6
408,6
431,6
454,6
481,6
505,2
514,2
509,2
502,2
498,2
488,4
466,4
439,4
409,4
374,0
337,0
296,0
258,5
220,5
187,5
168,5
150,3
135,3
129,3
132,3
136,3
147,7
168,7
185,3
186,3
178,3
170,3
162,5
148,5
131,3
121,3
126,3
137,7
151,7
165,7
179,3
188,3
188,5
179,5
169,0
156,4
139,4
123,4
115,6
117,1
125,1
131,7
137,7
141,7
144,6
145,6
148,6
151,6
154,6
