378,0,1.0
350,0,1.0
406,0,1.0
377,0,1.0
349,0,1.0
405,0,1.0
379,0,1.0
351,0,1.0
407,0,1.0
189,0,1.0
161,0,1.0
217,0,1.0
188,0,1.0
160,0,1.0
216,0,1.0
190,0,1.0
162,0,1.0
218,0,1.0
347,0,1.0
319,0,1.0
375,0,1.0
346,0,1.0
318,0,1.0
374,0,1.0
348,0,1.0
320,0,1.0
376,0,1.0
339,0,1.0
311,0,1.0
367,0,1.0
338,0,1.0
310,0,1.0
366,0,1.0
340,0,1.0
312,0,1.0
368,0,1.0
74,0,1.0
46,0,1.0
102,0,1.0
73,0,1.0
45,0,1.0
101,0,1.0
75,0,1.0
47,0,1.0
103,0,1.0
45,0,1.0
17,0,1.0
73,0,1.0
44,0,1.0
16,0,1.0
72,0,1.0
46,0,1.0
18,0,1.0
74,0,1.0
424,0,1.0
396,0,1.0
452,0,1.0
423,0,1.0
395,0,1.0
451,0,1.0
425,0,1.0
397,0,1.0
453,0,1.0
352,0,1.0
324,0,1.0
380,0,1.0
351,0,1.0
323,0,1.0
379,0,1.0
353,0,1.0
325,0,1.0
381,0,1.0
437,0,1.0
409,0,1.0
465,0,1.0
436,0,1.0
408,0,1.0
464,0,1.0
438,0,1.0
410,0,1.0
466,0,1.0
361,0,1.0
333,0,1.0
389,0,1.0
360,0,1.0
332,0,1.0
388,0,1.0
362,0,1.0
334,0,1.0
390,0,1.0
9,0,1.0
37,0,1.0
8,0,1.0
36,0,1.0
10,0,1.0
38,0,1.0
158,0,1.0
130,0,1.0
186,0,1.0
157,0,1.0
129,0,1.0
185,0,1.0
159,0,1.0
131,0,1.0
187,0,1.0
76,1,1.0
48,1,1.0
104,1,1.0
75,1,1.0
47,1,1.0
103,1,1.0
77,1,1.0
49,1,1.0
105,1,1.0
471,1,1.0
443,1,1.0
499,1,1.0
470,1,1.0
442,1,1.0
498,1,1.0
472,1,1.0
444,1,1.0
500,1,1.0
99,1,1.0
71,1,1.0
127,1,1.0
98,1,1.0
70,1,1.0
126,1,1.0
100,1,1.0
72,1,1.0
128,1,1.0
487,1,1.0
459,1,1.0
515,1,1.0
486,1,1.0
458,1,1.0
514,1,1.0
488,1,1.0
460,1,1.0
516,1,1.0
441,1,1.0
413,1,1.0
469,1,1.0
440,1,1.0
412,1,1.0
468,1,1.0
442,1,1.0
414,1,1.0
470,1,1.0
238,1,1.0
210,1,1.0
266,1,1.0
237,1,1.0
209,1,1.0
265,1,1.0
239,1,1.0
211,1,1.0
267,1,1.0
99,1,1.0
71,1,1.0
127,1,1.0
98,1,1.0
70,1,1.0
126,1,1.0
100,1,1.0
72,1,1.0
128,1,1.0
314,1,1.0
286,1,1.0
342,1,1.0
313,1,1.0
285,1,1.0
341,1,1.0
315,1,1.0
287,1,1.0
343,1,1.0
163,1,1.0
135,1,1.0
191,1,1.0
162,1,1.0
134,1,1.0
190,1,1.0
164,1,1.0
136,1,1.0
192,1,1.0
465,1,1.0
437,1,1.0
493,1,1.0
464,1,1.0
436,1,1.0
492,1,1.0
466,1,1.0
438,1,1.0
494,1,1.0
462,1,1.0
434,1,1.0
490,1,1.0
461,1,1.0
433,1,1.0
489,1,1.0
463,1,1.0
435,1,1.0
491,1,1.0
103,1,1.0
75,1,1.0
131,1,1.0
102,1,1.0
74,1,1.0
130,1,1.0
104,1,1.0
76,1,1.0
132,1,1.0
534,2,0.1
506,2,0.05
562,20.05
533,20.05
505,20.05
561,20.05
535,20.05
507,20.05
563,20.05
537,2,0.2
509,2,0.1
565,20.1
536,20.1
508,20.1
564,20.1
538,20.1
510,20.1
566,20.1
513,2,0.3
485,2,0.15
541,20.15
512,20.15
484,20.15
540,20.15
514,20.15
486,20.15
542,20.15
516,2,0.4
488,2,0.2
544,20.2
515,20.2
487,20.2
543,20.2
517,20.2
489,20.2
545,20.2
519,2,0.5
491,2,0.25
547,20.25
518,20.25
490,20.25
546,20.25
520,20.25
492,20.25
548,20.25
522,2,0.6
494,2,0.3
550,20.3
521,20.3
493,20.3
549,20.3
523,20.3
495,20.3
551,20.3
497,2,0.7
469,2,0.35
525,20.35
496,20.35
468,20.35
524,20.35
498,20.35
470,20.35
526,20.35
471,2,0.8
443,2,0.4
499,20.4
470,20.4
442,20.4
498,20.4
472,20.4
444,20.4
500,20.4
416,2,0.9
388,2,0.45
444,20.45
415,20.45
387,20.45
443,20.45
417,20.45
389,20.45
445,20.45
332,2,1.0
304,2,0.5
360,20.5
331,20.5
303,20.5
359,20.5
333,20.5
305,20.5
361,20.5
301,2,1.1
273,2,0.55
329,20.55
300,20.55
272,20.55
328,20.55
302,20.55
274,20.55
330,20.55
270,2,1.2
242,2,0.6
298,20.6
269,20.6
241,20.6
297,20.6
271,20.6
243,20.6
299,20.6
267,2,1.3
239,2,0.65
295,20.65
266,20.65
238,20.65
294,20.65
268,20.65
240,20.65
296,20.65
264,2,1.4
236,2,0.7
292,20.7
263,20.7
235,20.7
291,20.7
265,20.7
237,20.7
293,20.7
261,2,1.5
233,2,0.75
289,20.75
260,20.75
232,20.75
288,20.75
262,20.75
234,20.75
290,20.75
201,2,1.6
173,2,0.8
229,20.8
200,20.8
172,20.8
228,20.8
202,20.8
174,20.8
230,20.8
198,2,1.7
170,2,0.85
226,20.85
197,20.85
169,20.85
225,20.85
199,20.85
171,20.85
227,20.85
168,2,1.8
140,2,0.9
196,20.9
169,20.9
141,20.9
197,20.9
84,2,1.9
56,2,0.95
112,20.95
85,20.95
57,20.95
113,20.95
57,2,2.0
29,2,1.0
85,21.0
56,21.0
28,21.0
84,21.0
58,21.0
30,21.0
86,21.0
31,2,2.1
3,2,1.05
59,21.05
30,21.05
2,21.05
58,21.05
32,21.05
4,21.05
60,21.05
6,2,2.2
34,21.1
5,21.1
33,21.1
7,21.1
35,21.1
9,2,2.3
37,21.15
8,21.15
36,21.15
10,21.15
38,21.15
13,2,2.4
41,21.2
12,21.2
40,21.2
14,21.2
42,21.2
17,2,2.5
45,21.25
16,21.25
44,21.25
18,21.25
46,21.25
20,2,2.6
48,21.3
19,21.3
47,21.3
21,21.3
49,21.3
22,2,2.7
50,21.35
21,21.35
49,21.35
23,21.35
51,21.35
25,2,2.8
53,21.4
24,21.4
52,21.4
26,21.4
54,21.4
