688,7
696,3
704,3
710,3
715,3
717,3
709,3
699,3
692,3
688,3
678,3
668,3
664,3
658,3
648,3
640,5
636,5
631,5
627,5
619,5
607,5
595,5
577,0
550,0
529,5
509,5
486,0
467,4
446,4
423,4
394,4
368,2
349,2
334,2
322,2
316,2
314,2
314,2
319,2
333,2
342,2
340,2
328,2
322,2
319,2
311,4
292,4
267,0
249,5
232,5
213,5
193,5
172,5
153,3
143,5
133,3
126,3
124,3
125,3
122,5
111,5
91,5
77,5
64,3
58,3
67,7
89,7
106,3
116,3
124,3
129,3
123,3
115,3
117,3
127,3
135,3
143,7
154,1
165,1
175,1
180,6
184,1
186,7
186,2
186,2
186,2
186,2
186,1
186,3
