666,0
654,0
646,0
641,5
639,3
641,3
644,3
650,3
662,3
670,3
672,3
670,3
675,3
684,3
689,3
694,3
700,3
706,3
695,5
677,5
656,5
636,5
615,5
603,3
594,5
580,5
549,0
520,0
490,4
466,4
446,4
420,4
387,4
355,4
335,4
317,4
293,4
267,2
261,2
267,2
281,6
302,6
331,6
354,6
374,6
394,6
412,2
416,2
402,4
380,0
350,0
318,5
284,5
259,5
252,3
259,7
277,7
298,3
314,3
319,3
309,3
295,5
274,5
254,5
231,5
203,5
168,5
142,5
125,5
110,3
96,3
95,3
103,3
104,3
100,3
99,7
108,7
120,1
128,7
132,3
134,3
138,7
143,7
148,6
150,2
149,2
