188,0,1.0
460,0,1.0
103,0,1.0
517,0,1.0
128,0,1.0
440,0,1.0
71,0,1.0
465,0,1.0
439,0,1.0
179,0,1.0
286,0,1.0
433,0,1.0
489,1,1.0
324,1,1.0
356,1,1.0
90,1,1.0
148,1,1.0
88,1,1.0
507,1,1.0
298,1,1.0
461,1,1.0
77,1,1.0
526,1,1.0
347,1,1.0
534,2,0.1
537,2,0.2
540,2,0.3
543,2,0.4
546,2,0.5
549,2,0.6
552,2,0.7
528,2,0.8
474,2,0.9
390,2,1.0
306,2,1.1
275,2,1.2
272,2,1.3
269,2,1.4
266,2,1.5
262,2,1.6
315,2,1.7
370,2,1.8
367,2,1.9
364,2,2.0
306,2,2.1
222,2,2.2
138,2,2.3
84,2,2.4
28,2,2.5
31,2,2.6
34,2,2.7
9,2,2.8
13,2,2.9
17,2,3.0
20,2,3.1
22,2,3.2
25,2,3.3
