82,1,1.72953178343
104,0,0.817780916122
105,0,1.04828474041
120,1,1.83784745689
124,2,1.15029416855
125,2,0.210586688325
136,0,0.26396451831
137,0,0.411938550705
139,0,0.00868296379689
139,2,1.09556647563
140,0,1.14385218807
140,2,0.826117552734
142,2,1.00959604201
143,2,0.913307771262
156,2,0.70308057305
164,0,0.428954581608
171,2,0.0769815393502
172,0,0.975696497798
173,0,0.0921215879584
174,0,0.129314862256
174,2,0.0350826989412
187,0,0.0143148713095
188,0,1.37200129081
189,0,0.0320881993787
196,0,1.34395501406
197,0,0.594189315839
199,0,1.10243149812
200,0,0.355955977451
202,2,1.11926167337
205,0,0.997538797659
206,0,1.07027352859
219,1,0.0951047576647
220,0,0.753479293858
220,2,1.05978725812
221,2,0.165878957102
231,0,0.83047966337
232,0,0.193060778469
234,2,0.844275119243
239,2,1.3877908854
240,2,0.433219862265
251,1,0.889333891186
252,1,0.509081619886
252,2,0.798334489136
253,2,0.0190911176937
271,2,0.310384659161
297,2,1.00959604201
298,2,0.0350826989413
304,2,0.207543584909
305,2,0.935622247508
315,2,0.718555502568
316,2,0.516052561578
329,2,0.913307771262
336,2,0.152596416589
337,2,0.845487115706
347,2,0.642760153842
348,2,0.450129037629
356,1,1.11390814198
357,1,0.573553943358
359,2,0.0383680263617
360,2,0.3005883371
370,2,0.37663928839
371,0,0.12915053128
391,1,1.31526908896
391,2,0.670338388912
392,0,0.170116592936
392,2,1.10111179783
393,0,1.52933909918
393,1,1.02835657029
394,1,0.628401249183
396,1,1.06920351149
397,0,0.525603102298
397,1,0.618802423236
402,0,0.881302844508
402,2,1.2548154591
403,0,1.21319243255
403,2,0.491590241347
410,2,0.297619314019
411,2,0.759798403484
423,1,0.3864412193
425,0,0.581067178066
428,0,0.174273376421
429,0,1.58624667189
439,0,1.17904721656
440,0,0.872504384708
442,2,0.357410580821
443,2,0.843237275843
455,2,0.3542478923
462,1,1.41635342556
466,1,0.512446684495
467,1,0.96686992149
467,2,0.376916514778
471,0,0.210130680006
472,0,0.0504064340172
486,2,0.248286553114
487,2,1.52198326389
494,1,0.29944459093
499,1,0.0304989730026
499,2,1.60706234591
500,2,0.0623725848347
502,1,0.281626876684
506,2,0.844275119243
524,0,0.128211773898
525,0,0.944320311878
534,1,1.36631173636
538,2,1.11926167337
548,2,0.844275119243
549,2,1.11926167337
555,1,1.9429549344
556,0,0.204862996242
556,1,0.303391133897
557,0,1.08710060642
563,2,0.277095475657
588,1,1.2682205266
589,0,0.000583314238689
595,2,1.70267862505
596,2,0.0794792372901
601,2,0.726540145902
620,0,0.233843185806
621,0,1.8341911339
622,0,0.00938883865743
633,2,1.18655055474
634,2,0.128717017659
643,2,0.3542478923
644,2,1.52198326389
653,0,0.243817889659
660,2,0.150540619532
664,2,0.0369156920804
676,2,0.248286553114
691,2,0.368896079338
692,2,1.57514708428
693,2,0.501834455075
694,2,0.112011652578
695,2,0.745527999515
696,2,1.21660993113
725,2,1.05952139844
726,2,0.515244127811
