673,6
678,6
682,7
684,3
681,3
676,3
676,3
682,3
688,3
690,3
690,3
690,3
682,5
662,5
642,3
630,3
625,3
631,7
651,7
678,3
692,3
692,3
688,3
678,5
660,5
637,5
615,5
591,5
558,0
523,0
491,4
457,4
429,4
405,4
381,2
362,2
348,2
335,2
320,2
313,2
306,2
295,2
282,2
279,2
281,2
282,2
276,2
264,4
246,0
223,5
196,5
175,5
156,5
141,3
138,3
133,5
116,5
95,3
86,3
89,3
100,3
112,3
124,3
136,3
135,3
129,3
127,3
129,3
131,3
131,3
136,3
147,7
158,3
164,3
171,7
177,1
184,6
188,2
189,3
189,3
189,3
187,0
178,0
161,0
