45,2,0.287078519021
48,2,0.29
51,2,0.287078519021
54,2,0.279476823754
57,2,0.265583671664
60,2,0.248286553114
68,2,0.70308057305
71,2,0.726540145902
74,2,0.745527999515
76,2,0.0779958376736
77,1,0.361823034374
77,2,1.693242767
80,2,1.71
83,2,1.693242767
84,2,0.0779958376736
86,2,1.65330128353
87,2,0.166915168357
89,2,1.58987806691
90,2,0.265583671664
92,2,1.52198326389
93,2,0.3542478923
99,2,0.210586688325
100,2,1.15029416855
102,2,0.128717017659
103,2,1.18655055474
105,2,0.0369156920804
106,2,1.21660993113
108,1,0.00368349841145
109,1,1.19189065296
115,0,1.15298042904
116,0,0.298304378798
130,2,1.36494094763
131,2,0.542845238144
135,1,0.397856047321
136,1,0.128087228569
144,0,0.834806149134
145,0,1.01450543073
147,0,0.838165531973
147,1,0.102773394065
148,0,0.121653608963
148,1,0.290436378403
154,0,0.837523102027
155,0,0.471892480152
162,2,0.188012141321
167,1,0.644294281573
168,1,0.334127803907
176,0,0.29600898881
177,0,0.413460305512
179,1,0.433471453526
180,1,0.666901853224
186,0,0.852734446311
187,0,0.483432063976
193,2,1.01511421982
196,1,0.715484956528
224,2,0.253575080343
225,2,0.763068312315
228,1,0.937306923245
240,1,0.158053786719
241,1,1.43355657331
250,1,0.712246337979
256,2,0.1
282,1,0.983380745696
289,2,0.935622247508
299,1,0.254383708626
304,0,0.0485826264562
305,0,0.765374117708
320,2,0.207543584909
321,2,0.845487115706
331,1,1.4636550246
336,0,0.309022767891
336,2,1.52
337,0,1.24126730467
339,2,1.50969397311
340,2,0.0403061463586
342,0,0.645970840517
342,2,1.48376362003
343,0,0.270021255385
343,2,0.127434914349
345,0,0.394637787273
352,2,0.152596416589
364,2,0.1
365,2,1.9
368,2,0.48
371,2,0.476714078054
374,0,1.07824357294
374,2,0.468171027823
375,0,0.582584604668
376,0,0.299001345444
377,0,1.65679787397
377,1,0.774393702043
377,2,1.71
378,2,0.29
379,0,0.922700897411
380,0,1.04363535042
380,2,0.433219862265
385,2,0.845487115706
394,2,0.932947986272
409,1,0.732623472721
411,0,0.211603500476
412,0,0.281738661892
412,2,1.3877908854
413,2,0.310384659161
416,2,0.152596416589
417,2,0.935622247508
426,2,1.03118629242
435,1,1.64174972121
448,2,0.207543584909
450,2,0.282647386237
453,2,0.250714431546
454,1,1.87398333124
456,2,1.23344928413
457,2,0.755974276793
459,0,0.141964719543
460,0,0.160971308504
467,1,0.0710331053225
470,0,0.390484898066
471,0,0.4124377298
472,0,1.01664684292
476,2,0.336028846404
482,2,1.31494525766
483,2,0.52037166829
485,2,1.23842268941
486,2,0.607161172282
491,0,1.00355884836
492,0,1.03946556886
502,0,1.14652380322
503,0,0.991313717835
504,0,0.964439140144
508,2,1.4625988463
509,2,0.336028846404
572,2,0.238523346734
582,1,1.61142301504
602,1,0.200953820447
603,1,1.43355657331
604,2,1.52798305115
605,2,0.355980535395
618,0,1.35686828625
619,0,0.52679506409
623,0,0.393625897975
634,2,0.459480607068
635,2,0.993421637427
645,2,1.27909778749
646,2,0.628978483028
648,2,1.18655055474
649,2,0.726540145902
650,0,0.491445842501
655,0,1.39421321045
656,0,0.579334960861
663,2,0.726540145902
664,2,1.18655055474
666,2,0.174294656852
667,2,0.595293624988
677,2,0.167051555553
680,2,0.128717017659
683,2,1.11926167337
684,2,0.844275119243
686,2,1.03118629242
687,2,0.932947986272
689,2,0.932947986272
690,2,1.03118629242
692,2,0.844275119243
693,2,1.11926167337
696,2,0.128717017659
