186,6
187,5
183,5
178,5
169,0
155,4
139,4
130,4
126,4
125,2
125,6
125,7
126,3
126,5
125,5
124,5
123,0
121,0
119,5
118,3
118,4
113,4
106,4
102,2
103,1
114,1
141,1
174,1
204,1
240,1
276,1
318,1
356,6
393,6
425,6
463,6
497,6
527,6
556,6
591,6
616,6
631,2
639,2
645,2
648,2
642,4
625,4
600,0
572,0
534,0
500,0
464,0
422,0
385,0
346,0
309,0
269,0
239,4
217,4
195,4
174,2
165,2
170,2
174,2
175,2
178,2
191,6
211,6
238,1
270,1
309,1
341,1
380,1
422,1
465,1
501,1
540,1
573,1
607,1
631,1
647,6
655,1
659,7
665,7
673,7
681,1
688,6
690,4
689,2
688,6
690,6
692,2
690,4
