691,7
697,3
697,3
694,3
693,3
690,3
683,3
676,3
678,3
685,3
688,3
687,3
693,3
701,3
700,3
694,3
690,3
690,3
699,3
704,3
703,3
699,5
684,5
655,0
625,0
588,0
548,0
512,0
486,0
470,0
464,4
461,0
444,0
414,0
388,4
370,4
355,2
343,2
341,2
350,2
357,2
363,2
374,6
394,6
410,2
423,2
434,2
449,2
456,2
453,2
445,2
431,4
409,4
373,0
346,5
323,5
308,5
290,5
266,5
244,3
231,3
221,3
210,3
197,3
187,3
175,5
157,3
147,3
153,3
164,3
170,3
170,3
167,3
163,3
153,3
149,3
153,7
164,7
173,7
177,3
177,3
174,3
173,3
174,7
176,1
179,6
182,2
184,2
