677,2
677,6
677,0
676,4
676,0
675,0
674,4
673,4
673,3
673,5
671,0
660,0
647,5
644,7
647,7
650,3
651,3
651,0
650,4
649,6
649,1
652,7
652,3
653,3
659,3
666,3
668,4
666,4
661,4
657,4
654,0
651,3
655,3
667,3
676,3
677,3
678,3
684,3
684,3
679,3
674,3
666,3
649,5
626,5
593,0
555,0
514,4
479,4
453,2
437,2
423,2
407,2
396,2
382,2
360,2
343,2
326,2
302,4
274,4
237,0
199,5
166,5
145,3
132,3
134,3
140,3
141,3
144,3
155,3
158,3
153,3
149,3
146,3
143,3
145,3
151,3
152,3
146,5
140,5
136,3
137,7
140,7
145,7
151,7
156,7
160,3
161,3
161,0
158,4
