142,4
138,2
138,1
148,1
167,6
189,6
195,7
198,3
199,5
196,4
188,4
179,0
172,4
168,6
170,2
170,4
166,4
161,4
157,5
155,5
152,4
150,4
146,0
139,5
130,5
121,0
113,4
107,4
102,4
101,6
102,6
109,6
124,6
144,6
174,6
214,6
251,1
296,1
343,1
390,1
436,1
477,1
516,6
549,6
572,6
593,2
602,2
589,4
566,4
535,0
500,0
455,0
415,0
363,0
315,0
263,0
217,4
172,4
137,4
113,2
109,2
118,2
134,2
150,2
160,2
173,6
196,6
233,1
277,1
324,1
372,1
419,1
461,1
507,1
552,1
596,1
631,1
658,1
671,7
676,3
677,7
680,7
685,1
690,6
693,2
694,4
692,0
688,4
687,6
688,2
686,4
