110,1
119,1
126,6
127,6
128,6
138,6
149,6
156,1
163,7
166,3
168,0
166,4
157,0
142,0
129,0
120,0
115,0
112,3
112,3
111,5
107,0
99,4
90,4
83,4
76,0
72,5
70,3
69,1
70,1
72,1
80,1
101,1
129,6
150,6
168,6
185,6
209,6
239,6
272,1
311,1
357,1
400,1
442,1
483,6
523,6
555,6
588,6
628,6
656,2
665,2
663,2
651,4
628,0
597,0
570,0
539,5
500,0
459,0
410,0
361,0
312,0
270,0
229,4
198,4
183,2
181,2
185,2
198,6
225,6
266,6
306,1
347,1
389,6
424,6
456,6
489,6
527,6
562,6
593,6
618,1
639,1
656,1
666,6
669,6
671,6
673,2
673,2
673,3
673,0
665,0
654,0
651,1
654,6
659,2
660,3
