92,2,0.70308057305
112,2,1.24
123,1,0.513978778362
124,1,0.21183963749
124,2,1.15029416855
125,2,0.210586688325
141,2,0.542845238144
142,2,1.36494094763
144,2,0.76
146,2,1.36494094763
147,2,0.542845238144
154,2,0.180054945884
155,1,0.549439209528
156,1,0.241197845764
171,2,0.416175514774
172,2,0.248286553114
174,2,0.188012141321
176,0,0.63167760075
178,2,0.188012141321
184,0,0.20640494761
185,0,1.36263024795
185,2,0.180054945884
186,2,1.73129942315
203,2,0.909816529203
204,2,0.677691412718
207,0,0.0584651121333
207,1,0.136974181378
208,0,1.4939081537
209,0,0.0584651121333
216,1,0.769676654596
217,0,0.720961193631
234,2,0.090523631987
239,1,0.913744511567
240,1,0.458093930989
242,2,1.31494525766
243,2,0.52037166829
248,1,0.728061322802
249,2,0.0779958376736
265,2,0.187239673868
266,2,1.78529089446
273,1,1.35169092321
274,2,0.282647386237
281,2,1.693242767
282,2,0.287078519021
305,1,0.261145127774
328,2,1.10111179783
329,0,0.120321357064
329,2,0.670338388912
330,0,0.447938597781
338,2,1.2548154591
339,2,0.491590241347
343,1,0.697572326952
360,2,0.3005883371
361,0,0.680400389847
361,2,0.0383680263617
362,0,1.2144772908
365,1,1.59938277545
366,1,0.0897822860179
370,2,0.37663928839
375,1,1.01643983743
376,2,1.24
377,2,0.76
390,0,1.37762107907
391,0,0.221527553007
393,0,0.750417838475
394,0,0.23722825229
394,1,0.985110726457
395,1,0.713611635866
396,0,0.130982464362
397,0,0.217580868659
422,0,0.701029575445
423,2,0.635265593604
424,2,1.05
425,0,1.09245631621
425,1,0.794255679146
426,0,0.460667614158
426,1,0.907531141629
428,0,0.932653160074
429,0,1.0927951235
432,0,0.95965787804
433,0,1.16583301031
433,2,0.805261534896
434,2,0.892119139979
439,0,0.452813245735
440,0,1.27084322145
455,2,0.107250676925
456,0,0.279899364045
456,2,0.38058652593
457,0,0.725777386983
462,0,0.977112378659
463,0,0.0904879232667
465,2,0.225908683297
466,2,0.283200652377
471,0,0.0689666541301
471,2,0.755974276793
472,0,0.633701153486
472,2,1.23344928413
486,2,0.844275119243
488,0,0.509722791763
489,0,1.05881817532
493,1,0.685584636276
494,0,1.08594674113
494,1,0.553572893832
495,0,0.146508525686
518,2,1.11926167337
525,1,0.157771138738
526,1,0.0613739911136
529,2,0.754447913574
530,2,0.837502688175
534,2,1.30358058614
535,2,0.0699740934381
539,1,0.619462268558
547,2,0.368896079338
548,2,1.57514708428
561,2,0.305479418833
562,2,0.365558199262
566,1,0.444854835241
566,2,0.656497115746
571,1,1.09861575744
580,2,0.150540619532
584,1,0.284849243768
598,1,1.13261481763
616,1,1.41825219468
622,0,0.165155244359
623,0,1.25440475714
625,2,0.703813285055
626,0,0.00315491232637
626,2,0.783406394888
628,2,0.629890515324
629,2,0.852306661168
643,2,0.3542478923
644,2,1.52198326389
655,0,0.832095516803
657,2,0.375161546491
658,0,1.64983052123
658,2,0.437918055927
659,0,0.46012563085
660,2,0.315600997388
661,2,0.490960570429
676,2,0.248286553114
690,0,0.187624610798
