45,2,0.287078519021
48,2,1.81
51,2,1.78529089446
52,2,0.090523631987
54,2,1.73129942315
55,2,0.180054945884
57,2,1.65330128353
58,2,0.279476823754
60,2,0.248286553114
74,2,0.745527999515
76,2,0.0779958376736
77,2,1.693242767
80,2,0.19
83,1,0.147624534708
83,2,0.187239673867
86,2,0.180054945884
89,2,0.166915168357
92,2,1.52198326389
93,2,0.3542478923
100,1,0.131567270194
101,1,1.48722863539
105,2,0.0369156920804
106,2,1.21660993113
112,0,0.0051573360968
113,0,0.810632833785
115,1,0.932113934113
116,1,0.437298347885
132,1,0.353540654311
134,2,0.267227654884
135,2,1.59688711259
144,0,0.229075283817
145,0,1.24410890154
164,1,1.05739178251
165,1,0.145342180579
167,2,0.255723645749
168,1,0.264591969228
177,1,0.583029965958
178,0,0.320201656145
181,0,0.280588870166
188,0,1.3390862151
189,0,0.217506951787
200,1,1.15104368866
201,1,0.162582067592
209,1,1.12924486466
210,0,1.71495958152
211,0,0.309776120256
212,0,1.06937645081
213,0,1.99521392153
214,0,0.240195526784
216,1,0.164744007521
217,1,0.164744007521
220,0,0.736576665102
230,2,0.248286553114
231,2,1.52198326389
240,1,0.932052990409
241,1,0.37198539696
244,0,0.962278497794
245,0,0.138281042799
248,1,0.580689420186
249,1,0.580689420186
263,2,0.3542478923
265,2,0.542845238144
272,1,0.219243455934
295,0,1.03050011343
296,0,0.156272752057
297,2,1.36494094763
298,2,0.188012141321
327,0,1.01254654909
328,0,0.146769185329
357,1,0.931870180158
358,1,0.632583252198
361,2,0.19
362,2,1.81
398,0,0.283887000914
399,0,0.533398114938
400,0,0.862254583331
401,0,1.13609022162
403,0,0.892666880019
404,0,0.444123263772
430,0,1.38336329336
431,0,1.48986364844
432,0,0.957711984996
433,0,0.810928273686
435,0,0.861380127574
436,0,0.421703135144
442,1,0.107857223048
443,1,0.841830622999
452,0,0.427026900654
453,0,0.736715716757
457,2,0.187239673868
458,2,1.78529089446
475,1,0.525409880591
484,0,0.567298733302
485,0,0.91635996354
490,2,0.090523631987
491,2,0.57199439777
492,2,0.387796538895
503,2,0.315600997388
504,2,0.629890515324
505,1,0.0174233859054
506,2,0.2406819503
507,1,0.455015724022
507,2,0.682730095994
508,1,0.191104657641
509,2,0.171202580929
510,2,0.725441252825
523,2,0.783776336359
524,2,0.57199439777
526,2,0.837502688175
527,2,0.754447913574
529,2,0.754447913574
530,2,0.837502688175
532,2,0.677691412718
533,2,0.909816529203
535,2,0.490960570429
536,1,0.584316616923
536,2,0.852306661168
537,1,0.870738209719
538,2,0.407768861
539,1,0.577849238669
539,2,0.915933581371
540,1,0.294820028694
541,2,0.331317885276
542,2,0.968253907204
558,2,0.365558199262
559,2,0.305479418833
561,2,0.305479418833
562,2,0.365558199262
564,2,0.248286553114
565,2,0.416175514774
570,0,0.586680472078
571,0,0.877657784995
599,1,0.266355500401
602,0,0.46741559306
603,0,0.730750251537
605,2,0.107250676925
606,2,0.635265593604
631,1,1.40826913954
637,2,0.38058652593
638,2,1.05
645,2,1.27909778749
646,2,0.628978483028
648,2,1.18655055474
649,2,0.726540145902
651,2,1.09242080235
652,2,0.823692217147
654,2,1.00672259665
655,2,0.910688290708
657,2,0.910688290708
658,2,1.00672259665
660,2,0.823692217147
661,2,1.09242080235
663,2,0.726540145902
664,2,1.18655055474
666,2,0.628978483028
667,2,1.27909778749
677,2,0.167051555553
680,2,0.128717017659
683,2,0.0859205868094
686,2,0.0438302732125
690,2,0.0438302732125
693,2,0.0859205868094
696,2,0.128717017659
699,2,0.167051555553
