659,7
660,7
664,7
668,3
671,1
674,6
681,1
687,3
688,3
685,3
686,3
685,3
692,3
701,3
698,3
689,3
687,3
685,3
678,3
672,3
676,3
679,3
674,3
670,3
670,3
661,5
639,5
615,5
593,5
569,0
547,4
520,0
485,4
456,2
446,2
442,2
436,2
424,2
408,2
400,2
389,2
369,2
351,2
342,2
330,2
316,2
307,2
297,4
277,4
250,4
224,0
194,0
169,5
149,5
127,5
107,3
105,3
114,3
115,3
117,3
128,3
134,3
128,3
129,3
133,3
133,3
130,3
136,7
152,3
157,5
155,5
152,5
149,5
147,3
146,3
145,3
145,3
145,2
145,2
145,2
145,2
145,6
146,2
146,2
