131,5
130,0
128,0
126,3
125,7
129,1
139,1
151,1
160,7
165,7
167,4
163,2
162,2
162,6
165,4
163,5
160,1
162,1
173,1
196,1
226,6
259,1
293,1
336,1
372,1
407,1
442,1
478,1
503,6
514,6
527,6
548,6
581,6
610,6
633,6
652,6
667,2
676,2
668,2
658,2
648,2
637,4
617,4
588,0
559,0
529,0
488,0
454,5
420,0
384,0
346,0
314,0
279,0
247,4
225,4
203,4
177,2
165,6
176,6
192,6
207,6
228,1
259,1
302,1
335,6
364,6
399,1
436,1
483,6
518,6
551,6
582,6
613,6
638,6
648,6
653,6
656,2
656,5
654,1
658,6
661,2
663,7
664,7
666,3
666,3
667,5
665,0
