687,5
687,5
685,3
685,3
686,3
684,0
681,4
678,2
678,6
681,3
681,3
679,3
677,3
682,3
693,3
695,3
694,3
699,3
705,3
707,3
712,3
724,3
732,3
732,3
735,3
737,3
728,5
713,3
703,3
696,5
691,5
691,3
690,3
688,3
687,3
686,5
686,2
686,6
689,4
686,4
679,0
672,5
663,5
650,5
635,0
622,0
610,5
599,5
585,4
576,6
582,6
609,6
630,6
639,2
643,2
638,4
627,2
621,2
614,2
598,2
582,4
563,2
560,2
556,2
546,2
538,2
533,2
520,4
493,4
457,4
430,4
395,0
358,0
320,0
274,0
232,0
195,5
163,5
131,5
112,3
98,5
81,5
61,3
60,3
71,3
80,3
93,7
116,7
135,3
142,7
147,3
147,0
145,0
140,5
135,5
131,7
134,7
134,2
135,1
136,6
138,6
138,6
138,7
