52,5
52,3
52,7
52,3
52,2
52,3
52,6
52,2
52,2
52,2
52,2
52,0
52,2
52,2
52,3
52,3
52,7
53,7
53,7
53,7
82,1
82,1
82,6
82,7
82,3
110,7
110,1
110,2
110,2
109,6
108,1
136,1
164,1
192,1
219,1
247,1
275,1
332,1
358,1
387,1
414,1
444,1
472,1
499,6
527,6
553,2
553,2
552,2
551,2
550,2
549,4
549,2
549,4
521,2
521,4
520,5
521,2
521,6
520,1
520,5
520,4
520,4
520,4
492,0
492,0
492,4
463,4
463,4
434,4
434,0
404,4
377,4
347,4
346,4
319,4
318,4
290,0
262,0
234,0
205,0
150,0
122,0
94,4
65,4
65,4
35,2
34,6
62,6
61,6
88,1
116,1
143,6
171,6
226,1
254,1
310,1
336,1
392,1
421,1
477,1
505,1
505,1
532,1
532,6
532,6
532,6
532,2
532,6
532,6
532,6
532,5
532,7
532,1
532,6
