140,1
140,6
141,1
142,5
141,0
141,5
141,3
141,3
140,4
140,4
140,5
140,4
139,2
139,6
140,0
139,3
138,3
138,7
143,1
152,1
157,3
157,3
155,7
159,1
170,6
186,6
206,1
223,7
230,3
230,7
241,1
262,6
284,6
309,6
339,1
380,1
421,6
460,1
503,1
551,1
591,6
629,6
662,6
679,2
677,2
676,2
673,2
664,4
644,0
617,0
589,0
555,0
523,0
488,4
458,4
428,4
392,0
349,4
309,4
280,4
249,4
213,4
187,2
179,2
172,2
161,2
155,2
162,6
179,6
193,6
201,1
210,1
235,1
263,1
295,1
320,7
331,7
338,7
343,1
349,1
358,1
369,1
390,1
409,1
437,1
474,6
499,6
526,6
559,6
594,6
617,6
636,6
650,6
658,6
663,1
667,1
668,1
669,6
670,2
671,4
670,2
670,0
669,5
668,0
667,2
668,2
