679,3
683,3
682,2
682,2
683,4
679,0
670,5
662,3
658,5
654,3
658,7
665,3
675,3
678,3
677,3
683,7
696,7
707,7
714,7
721,7
729,3
733,3
739,3
751,3
762,3
759,5
741,5
728,3
717,3
706,3
699,3
697,3
692,5
677,5
657,5
645,5
637,5
630,3
626,5
615,0
586,5
560,0
530,0
504,4
484,4
458,4
428,4
403,2
386,4
363,4
342,2
334,2
329,2
321,2
315,2
304,4
286,2
279,2
282,2
275,2
260,4
243,4
225,0
206,0
184,5
158,5
142,3
137,3
129,5
112,5
89,3
75,3
62,3
57,3
70,7
85,7
101,7
119,7
147,7
179,7
195,5
182,5
159,5
139,5
115,5
99,3
103,3
110,3
117,3
125,7
134,7
139,7
142,6
143,1
144,1
145,6
146,4
145,4
144,4
144,5
142,0
140,0
