675,7
680,1
682,2
679,2
677,3
676,3
676,3
674,3
669,3
668,3
671,3
663,3
655,3
660,3
672,3
677,3
682,3
692,3
697,3
689,3
684,3
678,5
664,0
640,0
611,0
583,0
556,4
540,2
529,4
517,2
516,6
533,2
543,2
540,2
542,2
545,2
538,2
528,2
523,2
510,4
483,4
454,4
431,4
412,4
389,4
368,4
345,4
317,0
284,0
248,0
205,0
169,5
148,5
127,5
111,3
114,3
130,3
144,7
165,7
198,3
209,3
198,5
181,3
169,5
149,3
133,3
143,7
168,3
180,3
182,3
191,3
198,5
190,5
170,5
161,3
159,3
161,3
163,7
165,7
167,7
168,5
167,0
159,0
142,0
130,5
126,5
124,3
124,7
125,1
126,7
127,3
127,0
126,5
126,2
126,6
127,6
