150,6
150,1
151,1
153,2
153,2
153,3
153,3
152,3
151,7
156,7
171,1
181,7
184,3
184,4
180,4
174,4
168,4
164,2
163,5
162,4
157,4
153,0
149,0
148,2
147,6
148,3
148,6
149,2
147,4
144,1
146,7
150,1
154,6
162,6
175,6
184,6
191,2
199,6
208,1
217,1
230,1
245,1
270,1
301,1
337,1
373,1
403,1
435,1
464,1
500,1
533,6
565,6
597,6
626,6
647,2
651,2
654,2
653,2
641,4
612,4
577,0
534,0
490,0
446,0
397,0
341,0
296,0
251,0
207,0
162,4
124,4
101,4
83,2
70,2
68,6
78,6
85,6
89,2
84,2
75,2
72,6
77,6
96,6
116,6
134,6
152,6
170,1
188,6
203,6
213,6
223,6
240,6
262,1
288,1
327,1
363,1
405,1
442,1
485,1
523,1
562,1
597,1
635,1
665,1
679,6
681,0
680,5
678,7
679,6
684,6
685,5
681,5
673,4
666,2
665,2
664,4
662,3
