670,7
672,3
672,7
679,7
696,3
706,3
704,3
701,3
708,3
710,3
699,3
695,3
697,3
691,3
678,3
670,3
668,3
665,5
660,0
646,3
645,7
663,7
686,7
704,7
715,7
737,7
756,3
753,5
738,5
717,5
692,0
661,0
632,0
595,0
549,4
522,2
513,2
502,4
485,4
447,4
416,4
396,4
367,4
337,4
311,2
304,2
301,2
300,2
309,2
320,2
320,2
308,2
298,2
289,4
268,4
244,4
222,0
202,5
190,5
177,5
156,3
151,3
154,3
156,7
175,7
208,7
232,3
246,3
261,3
270,3
257,5
226,5
200,5
174,5
145,5
127,3
119,3
103,3
88,3
87,7
107,7
129,7
144,3
146,5
138,4
137,1
142,1
145,2
145,2
146,2
146,6
146,6
147,6
147,5
146,3
146,3
