52,3
52,5
52,2
52,7
52,2
52,1
52,4
52,6
52,2
52,4
52,1
52,5
52,5
52,3
53,7
53,7
82,3
82,3
83,5
54,4
54,2
53,2
53,2
53,2
52,6
81,6
80,6
108,6
107,6
134,1
134,1
190,1
217,1
246,1
274,1
330,6
356,6
355,6
411,6
439,6
466,6
493,6
492,2
491,4
491,4
491,4
462,0
434,0
406,0
379,0
323,0
295,0
268,0
211,0
183,0
155,0
99,4
98,4
69,4
69,2
68,6
67,6
94,6
121,6
148,1
176,6
231,1
231,1
259,1
287,6
314,6
314,6
340,6
369,6
395,6
423,6
450,1
478,1
506,1
505,1
533,6
532,4
532,4
505,2
505,2
504,4
504,0
504,3
504,7
504,7
504,7
505,3
