180,3
180,4
177,2
177,6
177,7
179,7
182,3
183,3
184,2
184,2
184,2
181,2
178,0
176,5
175,6
178,6
186,6
199,1
226,1
257,1
281,1
312,1
346,1
377,1
416,1
448,6
473,6
499,6
524,6
550,6
569,6
588,6
612,6
633,6
651,6
662,2
660,4
648,4
630,4
607,4
579,4
552,0
528,0
502,4
484,4
464,4
449,0
441,3
437,3
433,5
423,0
400,0
369,0
338,0
308,0
276,0
244,0
210,4
180,4
148,4
118,4
104,2
102,2
104,2
108,2
112,6
125,6
151,6
177,6
200,6
227,6
255,6
287,1
322,1
355,1
393,1
427,1
466,1
505,1
538,1
574,1
605,1
630,1
651,1
662,1
669,1
674,6
674,4
670,4
665,4
661,2
661,7
662,5
662,0
660,0
658,2
658,1
