644,0
640,4
636,2
634,2
633,7
634,3
636,3
635,3
633,3
635,3
642,7
659,7
674,3
683,3
687,3
688,3
690,3
695,3
700,3
704,3
704,3
705,3
710,3
718,3
724,3
726,3
725,3
721,3
716,3
709,5
693,5
670,0
645,0
627,0
603,0
579,0
562,4
553,2
552,2
555,2
556,2
554,2
547,4
534,4
513,4
490,2
479,2
480,2
494,2
503,2
502,2
497,2
490,2
480,4
467,4
444,4
417,0
396,4
372,4
348,4
330,0
307,0
283,0
266,5
249,5
228,5
214,5
207,3
205,3
209,3
208,3
200,5
178,5
156,5
145,3
139,3
134,3
126,3
118,3
115,3
119,3
127,3
132,3
134,3
136,3
137,3
141,3
147,7
151,3
152,3
152,3
153,3
153,7
154,1
155,1
156,1
157,1
159,7
160,1
