657,2
658,2
659,2
660,1
662,1
663,1
665,7
669,1
672,1
676,1
681,1
685,2
685,0
682,0
679,0
676,0
672,2
672,1
674,1
682,1
693,7
708,7
721,3
727,3
727,3
726,3
723,3
715,3
703,3
696,3
695,3
695,3
696,3
697,3
700,3
706,3
711,3
709,3
702,3
696,3
695,3
701,3
705,3
700,5
684,5
646,5
618,5
598,5
574,0
557,4
545,4
530,4
521,2
515,4
503,4
491,2
488,2
491,2
488,4
474,4
446,4
415,4
403,2
404,2
415,2
425,2
431,2
435,2
439,2
449,2
450,4
439,4
417,4
396,4
372,4
348,0
326,0
295,0
266,0
233,0
199,5
173,5
151,5
133,5
118,5
101,3
98,3
106,3
121,3
132,3
137,3
141,3
151,7
169,7
183,3
193,3
200,3
203,3
210,3
221,3
230,3
231,3
227,3
219,5
209,5
197,5
183,5
165,5
148,5
138,5
132,5
129,5
128,3
128,3
128,4
127,6
128,1
130,0
129,5
128,7
130,1
