648,3
649,3
652,3
654,3
658,3
667,3
676,3
678,3
673,3
670,3
670,3
674,3
679,3
680,3
680,3
681,3
682,3
679,3
666,5
651,5
639,5
627,5
609,0
586,0
557,4
537,4
523,4
500,4
482,4
470,2
457,4
442,4
420,4
405,2
397,2
392,2
386,2
373,2
361,2
354,2
352,2
347,2
336,2
322,2
311,2
303,4
290,4
270,4
240,0
212,0
181,0
156,5
136,5
119,5
106,3
97,3
96,3
104,3
116,3
123,3
124,3
123,3
126,3
130,3
132,3
131,3
130,3
133,3
140,3
143,3
141,3
139,3
142,3
148,3
150,3
147,5
144,5
142,7
144,1
147,1
149,1
151,1
154,6
158,6
161,6
167,6
173,6
