650,7
651,6
651,7
654,7
661,3
667,3
671,3
673,3
680,3
687,3
690,3
689,3
693,7
704,7
724,7
738,3
745,3
745,3
741,3
736,3
732,3
726,5
713,5
700,5
687,5
672,5
656,5
635,5
604,0
579,5
553,5
528,0
503,4
477,4
456,4
440,4
418,4
389,4
369,2
356,2
351,2
347,2
343,2
342,2
346,2
350,2
345,4
327,4
305,4
293,2
290,2
288,2
278,4
254,4
230,4
206,0
181,0
165,5
154,3
152,3
151,3
148,3
138,5
127,5
116,5
103,5
87,5
75,3
77,7
98,7
126,7
146,7
165,7
182,3
187,3
187,3
184,5
170,5
142,5
122,3
120,3
130,3
141,3
148,3
148,3
145,5
141,5
137,0
134,0
132,1
134,1
135,1
138,1
144,6
155,6
161,2
160,4
