630,3
632,3
632,5
629,4
624,6
625,7
634,7
655,7
679,7
690,3
692,3
687,3
684,3
686,3
695,3
702,3
703,3
701,3
702,3
705,3
706,3
702,3
694,3
688,3
682,5
669,5
648,5
619,0
596,0
570,0
543,4
527,4
517,2
508,4
499,4
478,4
451,4
431,2
418,2
411,2
408,2
405,2
412,6
434,6
463,6
481,6
493,2
500,2
501,2
498,2
493,2
483,4
466,4
447,4
424,4
399,4
372,0
335,0
302,0
269,0
237,5
216,5
200,3
188,3
179,3
170,3
166,3
166,3
169,3
170,3
167,3
162,3
160,3
161,3
160,3
155,3
153,3
156,3
168,3
176,3
179,3
177,3
174,3
170,3
165,5
158,0
152,4
148,2
146,4
144,0
142,7
145,1
150,1
157,1
166,6
171,2
169,0
163,0
155,4
