73,0,1.0
384,0,1.0
238,0,1.0
274,0,1.0
272,0,1.0
385,0,1.0
373,0,1.0
305,0,1.0
98,0,1.0
512,0,1.0
108,0,1.0
517,0,1.0
37,1,1.0
154,1,1.0
192,1,1.0
89,1,1.0
101,1,1.0
141,1,1.0
367,1,1.0
232,1,1.0
452,1,1.0
352,1,1.0
302,1,1.0
472,1,1.0
534,2,0.1
537,2,0.2
540,2,0.3
543,2,0.4
546,2,0.5
549,2,0.6
552,2,0.7
528,2,0.8
474,2,0.9
390,2,1.0
306,2,1.1
275,2,1.2
272,2,1.3
269,2,1.4
266,2,1.5
262,2,1.6
315,2,1.7
370,2,1.8
367,2,1.9
364,2,2.0
306,2,2.1
222,2,2.2
138,2,2.3
84,2,2.4
28,2,2.5
31,2,2.6
34,2,2.7
9,2,2.8
13,2,2.9
17,2,3.0
20,2,3.1
22,2,3.2
25,2,3.3
