667,7
674,7
682,3
685,3
687,5
681,0
673,4
669,1
671,7
677,3
682,3
684,3
686,3
693,3
698,3
696,3
689,3
687,3
688,3
693,3
695,3
694,3
690,3
686,3
683,3
680,3
677,3
672,3
667,3
663,3
659,3
651,5
632,0
604,0
578,0
555,0
526,4
501,4
484,4
468,4
456,4
438,4
420,2
409,2
404,2
403,2
401,2
394,2
387,2
381,2
376,2
364,4
343,4
327,2
318,2
311,2
303,4
284,4
264,4
241,4
220,0
204,5
189,5
176,3
168,3
158,3
150,3
146,3
145,3
143,3
139,3
133,3
131,3
133,3
134,3
133,3
131,3
129,3
130,3
134,3
136,3
136,3
138,3
144,7
150,7
154,7
156,0
154,4
151,0
149,4
148,4
148,5
146,5
145,3
146,3
146,7
