147,0
146,3
146,1
148,1
151,6
155,6
158,6
161,2
161,2
158,4
154,0
151,5
151,5
150,2
151,6
154,6
161,2
167,6
172,2
175,2
176,6
179,6
186,6
200,1
217,1
231,1
244,1
269,1
292,1
313,1
341,1
369,1
395,1
426,1
455,1
484,1
515,1
541,6
566,6
591,6
610,6
630,6
651,6
660,2
659,2
654,2
649,2
640,4
628,4
610,0
581,0
554,0
526,0
494,0
465,0
431,0
397,0
368,0
334,0
304,0
275,0
241,0
216,4
192,4
170,4
154,4
130,4
108,2
97,2
100,2
105,2
111,2
116,2
122,6
136,6
156,6
176,6
203,6
230,6
249,6
265,6
286,6
308,1
335,1
366,1
398,1
432,1
464,1
490,1
524,1
558,1
593,1
627,1
645,6
650,6
652,7
653,3
654,3
654,0
651,0
647,4
645,6
646,3
647,3
645,0
640,0
635,0
