626,4
623,2
623,6
627,1
634,1
640,7
643,3
641,3
635,3
634,7
645,7
669,7
682,3
686,3
682,3
679,3
680,3
684,3
685,3
682,3
678,3
678,3
683,3
685,3
679,5
664,5
651,5
642,5
631,5
617,5
596,0
567,0
545,0
523,0
495,4
476,4
462,2
450,2
442,4
426,4
403,4
391,2
390,2
393,2
395,2
394,2
394,2
389,2
384,2
377,4
364,4
344,4
331,2
323,2
318,2
310,4
291,0
264,0
239,0
216,0
190,5
175,3
171,3
171,3
170,3
159,5
144,5
136,3
134,3
132,5
121,5
100,5
74,5
57,3
60,3
70,3
77,3
80,3
82,3
87,3
95,3
104,3
110,3
111,3
114,3
122,3
128,3
127,3
126,3
127,7
129,7
131,7
132,7
134,3
134,7
135,1
138,1
141,6
143,6
