657,5
655,3
655,7
660,7
665,7
672,3
676,3
676,3
678,3
686,3
697,3
701,3
702,3
708,3
718,3
725,3
731,3
741,3
749,3
746,3
737,3
731,3
722,5
706,5
685,5
667,5
649,5
631,0
609,0
589,0
570,0
545,0
519,0
494,4
470,0
447,4
428,4
419,2
421,2
424,2
428,2
440,6
463,6
485,2
499,2
510,2
518,2
518,2
503,4
480,4
453,4
423,4
390,4
358,0
328,0
301,0
274,5
244,5
212,5
176,5
147,5
128,5
111,5
92,3
79,3
79,3
87,3
97,3
109,3
123,3
134,3
139,3
140,3
146,7
152,7
155,0
154,0
153,3
153,3
153,1
153,6
154,5
154,4
153,0
152,0
