669,4
666,5
665,3
667,3
673,3
676,3
676,3
677,3
680,3
689,3
696,3
696,3
694,3
696,3
701,3
701,3
697,3
694,3
695,3
700,3
702,3
699,3
698,3
703,3
710,3
711,3
706,3
699,3
694,3
690,5
682,5
666,0
646,0
628,0
609,0
598,2
592,2
590,2
586,2
578,2
570,2
570,2
576,2
582,2
584,2
585,2
586,2
589,2
589,2
584,2
574,2
565,2
560,2
553,4
539,4
520,4
502,4
487,4
471,4
451,4
428,4
408,4
390,4
372,4
351,4
330,4
313,4
295,4
277,0
258,5
239,5
222,5
203,5
182,5
167,5
157,3
150,3
142,3
131,3
125,3
124,3
122,3
116,3
112,3
114,3
116,3
115,3
112,3
113,3
120,3
127,3
130,3
130,3
133,3
139,3
144,3
142,5
140,3
140,1
141,1
141,1
142,6
143,2
143,2
143,6
143,2
143,2
