53,3
53,3
53,5
53,2
53,6
53,6
53,0
53,5
53,5
53,3
53,7
53,7
53,1
53,1
53,1
53,1
53,1
82,7
82,7
82,3
82,3
83,7
83,6
83,2
82,2
82,2
82,6
81,1
81,1
109,1
137,1
137,1
165,1
193,1
220,1
220,1
249,1
277,1
304,1
332,1
332,1
359,1
388,6
388,2
387,2
387,6
413,6
413,6
413,2
441,2
440,6
440,6
439,6
467,2
466,2
466,2
465,2
465,2
464,2
464,2
463,4
463,4
434,4
434,2
433,2
433,4
403,0
403,0
376,0
376,0
347,0
320,5
320,5
293,0
293,0
265,0
237,5
237,5
209,5
209,0
182,0
182,0
154,5
127,0
127,0
99,4
98,4
70,4
70,4
40,4
40,2
39,2
39,2
38,2
38,6
66,6
66,6
93,6
93,6
120,6
120,6
147,1
175,6
175,6
201,6
201,6
229,6
257,6
284,6
283,6
311,6
338,1
366,1
393,6
422,6
421,1
449,1
477,1
505,1
505,6
505,6
532,7
532,3
532,5
532,5
505,0
505,0
505,5
505,0
505,2
505,2
