151,1
151,1
152,7
152,0
152,2
152,6
152,2
152,2
152,2
152,0
152,1
152,7
153,1
155,7
156,7
157,3
157,5
155,0
153,0
151,5
149,5
148,1
150,1
156,6
165,6
172,1
176,7
180,1
189,1
205,1
223,7
237,7
243,7
252,1
273,1
300,6
334,1
375,1
419,6
460,6
497,1
539,6
578,6
610,6
634,6
651,2
655,4
643,4
624,4
605,4
584,0
561,0
532,0
503,0
472,0
439,0
405,0
371,4
337,4
303,4
269,4
239,4
216,4
201,2
193,2
190,6
201,6
224,6
251,6
279,6
310,1
347,1
383,1
414,6
445,6
476,6
512,6
549,6
579,6
605,6
631,6
654,6
671,6
681,1
683,5
677,5
671,5
668,5
667,6
669,1
671,5
670,0
667,0
661,0
658,7
