664,3
664,6
667,1
669,3
668,5
666,3
667,3
672,3
681,3
685,3
683,3
678,3
676,3
680,3
682,3
681,3
679,3
681,3
685,3
686,3
683,3
680,3
679,3
678,3
671,3
661,3
653,3
648,3
640,5
625,5
604,0
585,0
568,0
551,4
535,4
516,4
495,4
472,4
448,4
430,2
419,2
410,2
398,2
385,2
380,2
381,2
379,2
371,2
361,2
357,2
355,2
347,4
331,2
319,2
311,2
303,4
289,4
271,4
253,4
233,4
214,0
194,5
174,5
158,5
141,5
131,3
128,3
131,3
131,3
126,3
123,3
128,3
131,3
127,3
122,3
124,3
129,3
127,3
123,3
124,3
130,3
133,3
130,3
130,3
133,3
139,3
139,3
134,5
131,6
133,1
136,6
137,6
139,1
141,7
142,3
142,7
142,2
142,2
142,2
