681,3
681,5
681,1
681,1
682,7
683,1
686,1
688,6
688,5
688,4
688,5
687,6
687,0
686,4
685,0
682,5
677,5
671,5
667,5
664,3
664,3
664,3
665,4
663,0
662,4
662,0
660,3
659,3
658,3
662,3
671,3
679,3
682,3
688,3
702,7
718,3
728,3
735,3
743,3
749,3
746,3
736,3
728,3
720,3
710,5
695,5
679,5
665,5
648,5
626,0
598,0
573,0
549,0
527,4
512,4
495,4
474,0
447,4
420,4
397,4
377,4
357,4
337,2
326,2
324,2
321,2
312,2
306,2
306,2
307,2
305,2
297,2
298,2
306,2
311,2
304,2
295,4
281,4
261,0
237,0
209,0
184,5
161,5
150,3
146,3
141,3
127,3
115,3
108,3
99,3
86,3
78,3
84,7
102,7
118,7
135,7
151,7
167,3
175,3
166,5
149,5
136,3
127,3
122,3
122,3
126,3
137,3
145,3
144,3
140,3
139,3
141,3
141,4
140,4
140,7
140,7
141,3
141,3
140,3
141,7
