680,1
684,7
686,3
687,3
685,3
683,3
685,3
691,3
692,3
691,3
695,3
706,3
711,3
712,3
716,3
721,3
721,3
715,3
710,3
704,5
688,5
664,5
641,5
618,0
595,0
570,4
549,4
528,4
510,2
499,2
490,4
473,4
451,4
432,4
415,2
400,4
384,4
370,2
368,2
379,2
391,2
404,6
419,6
438,2
448,2
445,2
434,2
421,4
404,4
380,4
349,0
314,0
276,0
246,5
219,5
193,5
169,5
153,3
148,3
143,3
137,3
135,3
142,3
152,3
159,3
162,3
165,3
164,3
156,3
146,3
145,3
149,3
148,3
144,3
145,3
149,3
151,3
152,3
153,7
154,3
154,5
151,5
149,0
147,4
145,1
146,7
147,7
148,3
