378,0,1.0
350,0,1.0
406,0,1.0
377,0,1.0
349,0,1.0
405,0,1.0
379,0,1.0
351,0,1.0
407,0,1.0
189,0,1.0
161,0,1.0
217,0,1.0
188,0,1.0
160,0,1.0
216,0,1.0
190,0,1.0
162,0,1.0
218,0,1.0
347,0,1.0
319,0,1.0
375,0,1.0
346,0,1.0
318,0,1.0
374,0,1.0
348,0,1.0
320,0,1.0
376,0,1.0
339,0,1.0
311,0,1.0
367,0,1.0
338,0,1.0
310,0,1.0
366,0,1.0
340,0,1.0
312,0,1.0
368,0,1.0
74,0,1.0
46,0,1.0
102,0,1.0
73,0,1.0
45,0,1.0
101,0,1.0
75,0,1.0
47,0,1.0
103,0,1.0
45,0,1.0
17,0,1.0
73,0,1.0
44,0,1.0
16,0,1.0
72,0,1.0
46,0,1.0
18,0,1.0
74,0,1.0
424,0,1.0
396,0,1.0
452,0,1.0
423,0,1.0
395,0,1.0
451,0,1.0
425,0,1.0
397,0,1.0
453,0,1.0
352,0,1.0
324,0,1.0
380,0,1.0
351,0,1.0
323,0,1.0
379,0,1.0
353,0,1.0
325,0,1.0
381,0,1.0
437,0,1.0
409,0,1.0
465,0,1.0
436,0,1.0
408,0,1.0
464,0,1.0
438,0,1.0
410,0,1.0
466,0,1.0
361,0,1.0
333,0,1.0
389,0,1.0
360,0,1.0
332,0,1.0
388,0,1.0
362,0,1.0
334,0,1.0
390,0,1.0
9,0,1.0
37,0,1.0
8,0,1.0
36,0,1.0
10,0,1.0
38,0,1.0
158,0,1.0
130,0,1.0
186,0,1.0
157,0,1.0
129,0,1.0
185,0,1.0
159,0,1.0
131,0,1.0
187,0,1.0
76,1,1.0
48,1,1.0
104,1,1.0
75,1,1.0
47,1,1.0
103,1,1.0
77,1,1.0
49,1,1.0
105,1,1.0
471,1,1.0
443,1,1.0
499,1,1.0
470,1,1.0
442,1,1.0
498,1,1.0
472,1,1.0
444,1,1.0
500,1,1.0
99,1,1.0
71,1,1.0
127,1,1.0
98,1,1.0
70,1,1.0
126,1,1.0
100,1,1.0
72,1,1.0
128,1,1.0
487,1,1.0
459,1,1.0
515,1,1.0
486,1,1.0
458,1,1.0
514,1,1.0
488,1,1.0
460,1,1.0
516,1,1.0
441,1,1.0
413,1,1.0
469,1,1.0
440,1,1.0
412,1,1.0
468,1,1.0
442,1,1.0
414,1,1.0
470,1,1.0
238,1,1.0
210,1,1.0
266,1,1.0
237,1,1.0
209,1,1.0
265,1,1.0
239,1,1.0
211,1,1.0
267,1,1.0
99,1,1.0
71,1,1.0
127,1,1.0
98,1,1.0
70,1,1.0
126,1,1.0
100,1,1.0
72,1,1.0
128,1,1.0
314,1,1.0
286,1,1.0
342,1,1.0
313,1,1.0
285,1,1.0
341,1,1.0
315,1,1.0
287,1,1.0
343,1,1.0
163,1,1.0
135,1,1.0
191,1,1.0
162,1,1.0
134,1,1.0
190,1,1.0
164,1,1.0
136,1,1.0
192,1,1.0
465,1,1.0
437,1,1.0
493,1,1.0
464,1,1.0
436,1,1.0
492,1,1.0
466,1,1.0
438,1,1.0
494,1,1.0
462,1,1.0
434,1,1.0
490,1,1.0
461,1,1.0
433,1,1.0
489,1,1.0
463,1,1.0
435,1,1.0
491,1,1.0
103,1,1.0
75,1,1.0
131,1,1.0
102,1,1.0
74,1,1.0
130,1,1.0
104,1,1.0
76,1,1.0
132,1,1.0
534,2,0.1
506,2,0.05
562,2,0.05
533,2,0.05
505,2,0.05
561,2,0.05
535,2,0.05
507,2,0.05
563,2,0.05
537,2,0.2
509,2,0.1
565,2,0.1
536,2,0.1
508,2,0.1
564,2,0.1
538,2,0.1
510,2,0.1
566,2,0.1
513,2,0.3
485,2,0.15
541,2,0.15
512,2,0.15
484,2,0.15
540,2,0.15
514,2,0.15
486,2,0.15
542,2,0.15
516,2,0.4
488,2,0.2
544,2,0.2
515,2,0.2
487,2,0.2
543,2,0.2
517,2,0.2
489,2,0.2
545,2,0.2
519,2,0.5
491,2,0.25
547,2,0.25
518,2,0.25
490,2,0.25
546,2,0.25
520,2,0.25
492,2,0.25
548,2,0.25
522,2,0.6
494,2,0.3
550,2,0.3
521,2,0.3
493,2,0.3
549,2,0.3
523,2,0.3
495,2,0.3
551,2,0.3
497,2,0.7
469,2,0.35
525,2,0.35
496,2,0.35
468,2,0.35
524,2,0.35
498,2,0.35
470,2,0.35
526,2,0.35
471,2,0.8
443,2,0.4
499,2,0.4
470,2,0.4
442,2,0.4
498,2,0.4
472,2,0.4
444,2,0.4
500,2,0.4
416,2,0.9
388,2,0.45
444,2,0.45
415,2,0.45
387,2,0.45
443,2,0.45
417,2,0.45
389,2,0.45
445,2,0.45
332,2,1.0
304,2,0.5
360,2,0.5
331,2,0.5
303,2,0.5
359,2,0.5
333,2,0.5
305,2,0.5
361,2,0.5
301,2,1.1
273,2,0.55
329,2,0.55
300,2,0.55
272,2,0.55
328,2,0.55
302,2,0.55
274,2,0.55
330,2,0.55
270,2,1.2
242,2,0.6
298,2,0.6
269,2,0.6
241,2,0.6
297,2,0.6
271,2,0.6
243,2,0.6
299,2,0.6
267,2,1.3
239,2,0.65
295,2,0.65
266,2,0.65
238,2,0.65
294,2,0.65
268,2,0.65
240,2,0.65
296,2,0.65
264,2,1.4
236,2,0.7
292,2,0.7
263,2,0.7
235,2,0.7
291,2,0.7
265,2,0.7
237,2,0.7
293,2,0.7
261,2,1.5
233,2,0.75
289,2,0.75
260,2,0.75
232,2,0.75
288,2,0.75
262,2,0.75
234,2,0.75
290,2,0.75
201,2,1.6
173,2,0.8
229,2,0.8
200,2,0.8
172,2,0.8
228,2,0.8
202,2,0.8
174,2,0.8
230,2,0.8
198,2,1.7
170,2,0.85
226,2,0.85
197,2,0.85
169,2,0.85
225,2,0.85
199,2,0.85
171,2,0.85
227,2,0.85
168,2,1.8
140,2,0.9
196,2,0.9
169,2,0.9
141,2,0.9
197,2,0.9
84,2,1.9
56,2,0.95
112,2,0.95
85,2,0.95
57,2,0.95
113,2,0.95
57,2,2.0
29,2,1.0
85,2,1.0
56,2,1.0
28,2,1.0
84,2,1.0
58,2,1.0
30,2,1.0
86,2,1.0
31,2,2.1
3,2,1.05
59,2,1.05
30,2,1.05
2,2,1.05
58,2,1.05
32,2,1.05
4,2,1.05
60,2,1.05
6,2,2.2
34,2,1.1
5,2,1.1
33,2,1.1
7,2,1.1
35,2,1.1
9,2,2.3
37,2,1.15
8,2,1.15
36,2,1.15
10,2,1.15
38,2,1.15
13,2,2.4
41,2,1.2
12,2,1.2
40,2,1.2
14,2,1.2
42,2,1.2
17,2,2.5
45,2,1.25
16,2,1.25
44,2,1.25
18,2,1.25
46,2,1.25
20,2,2.6
48,2,1.3
19,2,1.3
47,2,1.3
21,2,1.3
49,2,1.3
22,2,2.7
50,2,1.35
21,2,1.35
49,2,1.35
23,2,1.35
51,2,1.35
25,2,2.8
53,2,1.4
24,2,1.4
52,2,1.4
26,2,1.4
54,2,1.4
