655,0
654,5
653,5
649,3
649,1
652,6
653,7
655,7
660,7
665,3
665,3
660,3
657,3
661,3
668,3
671,3
668,3
671,3
679,3
684,3
683,3
681,3
683,3
686,3
685,3
679,3
674,3
670,3
665,5
653,5
634,5
616,0
598,0
581,4
568,4
558,4
549,4
534,4
509,4
486,4
470,2
457,4
443,4
426,4
412,2
404,2
398,2
388,4
373,2
360,2
352,2
345,2
335,4
320,2
309,2
299,2
287,4
267,4
240,4
215,0
189,0
166,5
151,5
144,3
141,3
139,3
131,3
126,3
126,3
129,3
129,3
126,3
124,3
128,3
131,3
127,3
124,3
125,3
131,3
132,3
131,3
130,3
130,3
139,3
137,3
136,3
132,3
138,3
143,3
142,0
141,4
141,1
142,1
143,3
143,7
145,2
144,4
143,0
142,0
141,2
141,4
