40,2,0.128717017659
43,2,1.11926167337
44,2,0.844275119243
46,2,1.03118629242
47,2,0.932947986272
72,2,1.18655055474
73,2,0.726540145902
80,2,0.76
87,0,1.77429063582
88,0,0.287704376141
102,2,0.128717017659
103,2,1.18655055474
112,2,1.24
119,0,0.267307044291
123,1,0.649633525463
123,2,0.852306661168
124,1,0.978973000715
124,2,0.629890515324
133,2,0.0734227241037
135,2,0.726540145902
155,2,0.490960570429
156,2,0.315600997388
165,2,1.31319580665
166,2,0.646596881931
168,1,0.326176845628
176,2,0.67
186,0,0.176078393924
186,2,0.112011652578
187,2,0.515244127811
199,1,0.295354460183
200,1,0.886583192355
203,1,0.169288836643
208,2,1.33
212,1,0.650356664949
218,0,1.75668687937
218,2,0.501834455075
219,0,0.35857596959
219,2,1.05952139844
234,1,0.317489660621
235,1,1.0767859293
244,1,0.930104624803
246,1,0.0434290917538
250,0,0.0458838181776
251,1,0.36083011551
260,2,0.855622439926
261,2,1.13420556712
270,2,1.04475134127
271,2,0.945248844514
278,1,1.63741589088
282,2,0.557432843851
283,1,0.96422747985
284,1,0.209039299219
292,1,0.174415293648
293,1,1.54306938062
313,2,0.102369899058
314,2,1.39916724457
333,2,0.491590241347
334,2,1.2548154591
355,2,1.91
356,2,0.09
363,1,0.347425026824
366,2,0.37663928839
369,0,0.124789297609
370,0,1.06120097708
371,0,0.57874772398
372,0,0.30461329728
373,0,1.74782335432
373,1,0.23657840682
378,2,0.468171027823
395,1,1.01982034872
396,1,0.182382714749
401,0,0.217003618094
402,0,2.56367596242
403,0,1.3934396855
404,0,0.426245326805
405,0,0.650583665653
405,1,1.32599860866
406,1,0.0143727868177
409,2,0.127434914349
410,2,1.48376362003
422,1,0.146500562993
425,1,0.617813245886
426,1,1.09609217945
429,2,0.460584526517
430,2,1.19389826945
434,0,0.565307614386
436,0,0.0168378386209
437,0,1.73892430596
438,0,0.20271137389
451,2,1.86546375953
452,0,0.219281803555
452,2,0.0873839904466
453,0,1.26795784123
453,1,0.370746587942
454,1,1.03238384693
462,2,0.460584526517
474,2,0.368896079338
483,2,0.0978696154049
485,0,0.796099173173
495,0,1.60226625728
496,0,0.318215831128
505,2,0.150540619532
506,2,1.57514708428
525,2,0.420822999154
526,2,1.12034097515
527,0,0.437335344151
532,0,0.74971511535
533,0,0.0297017289334
547,2,1.78976203958
548,2,0.0805730021697
557,2,0.0471047135087
558,2,0.553003109886
561,0,0.0612493901085
562,0,1.27446608311
564,0,1.26222093331
565,0,0.307906345549
569,2,0.255723645749
579,2,0.187763812303
587,1,0.247128491621
588,1,1.44049287689
594,0,0.844799549752
601,2,1.59688711259
602,2,0.267227654884
604,0,1.05811849849
621,2,0.38058652593
622,2,1.05
631,2,0.545627282984
632,2,0.925197692596
636,0,1.05811849849
643,2,0.3542478923
644,2,1.52198326389
653,2,0.107250676925
654,2,0.635265593604
655,2,1.43919700429
656,2,0.452582797045
658,2,0.102369899058
661,2,0.0699740934381
663,2,0.246375182657
664,2,0.545627282984
676,2,0.248286553114
687,2,0.223908786126
690,2,1.39916724457
691,2,0.557432843851
693,2,1.30358058614
694,2,0.656497115746
