679,1
690,1
695,3
697,3
700,7
707,7
718,3
724,3
722,3
717,3
716,3
720,3
720,3
715,3
710,3
707,3
706,3
703,3
695,3
687,3
682,3
678,3
672,5
659,5
642,5
627,5
611,5
595,0
578,0
556,0
537,0
524,0
511,0
496,0
480,4
461,4
443,4
423,4
398,4
376,4
361,4
348,4
335,4
320,4
309,2
306,2
309,2
310,2
309,2
309,2
312,2
317,2
317,2
309,4
295,4
281,4
266,4
253,4
235,0
216,0
194,0
178,0
163,0
149,5
139,3
133,3
131,3
127,5
116,5
98,5
85,5
74,3
65,3
56,3
46,3
42,3
49,7
64,7
75,3
84,3
93,3
100,3
106,3
106,3
103,3
101,3
103,3
112,3
120,3
127,3
134,3
142,7
153,7
160,3
159,5
156,4
155,2
155,2
156,2
156,5
156,3
156,3
156,5
156,4
155,3
