547,0,1.0
519,0,0.5
575,0,0.5
546,0,0.5
518,0,0.5
574,0,0.5
548,0,0.5
520,0,0.5
576,0,0.5
516,0,1.0
488,0,0.5
544,0,0.5
515,0,0.5
487,0,0.5
543,0,0.5
517,0,0.5
489,0,0.5
545,0,0.5
376,0,1.0
348,0,0.5
404,0,0.5
375,0,0.5
347,0,0.5
403,0,0.5
377,0,0.5
349,0,0.5
405,0,0.5
318,0,1.0
290,0,0.5
346,0,0.5
317,0,0.5
289,0,0.5
345,0,0.5
319,0,0.5
291,0,0.5
347,0,0.5
259,0,1.0
231,0,0.5
287,0,0.5
258,0,0.5
230,0,0.5
286,0,0.5
260,0,0.5
232,0,0.5
288,0,0.5
312,0,1.0
284,0,0.5
340,0,0.5
311,0,0.5
283,0,0.5
339,0,0.5
313,0,0.5
285,0,0.5
341,0,0.5
315,0,1.0
287,0,0.5
343,0,0.5
314,0,0.5
286,0,0.5
342,0,0.5
316,0,0.5
288,0,0.5
344,0,0.5
322,0,1.0
294,0,0.5
350,0,0.5
321,0,0.5
293,0,0.5
349,0,0.5
323,0,0.5
295,0,0.5
351,0,0.5
126,0,1.0
98,0,0.5
154,0,0.5
125,0,0.5
97,0,0.5
153,0,0.5
127,0,0.5
99,0,0.5
155,0,0.5
370,0,1.0
342,0,0.5
398,0,0.5
369,0,0.5
341,0,0.5
397,0,0.5
371,0,0.5
343,0,0.5
399,0,0.5
356,0,1.0
328,0,0.5
384,0,0.5
355,0,0.5
327,0,0.5
383,0,0.5
357,0,0.5
329,0,0.5
385,0,0.5
134,0,1.0
106,0,0.5
162,0,0.5
133,0,0.5
105,0,0.5
161,0,0.5
135,0,0.5
107,0,0.5
163,0,0.5
288,1,0.5
260,1,0.5
316,1,0.5
287,1,0.5
259,1,0.5
315,1,0.5
289,1,0.5
261,1,0.5
317,1,0.5
468,1,0.5
440,1,0.5
496,1,0.5
467,1,0.5
439,1,0.5
495,1,0.5
469,1,0.5
441,1,0.5
497,1,0.5
402,1,0.5
374,1,0.5
430,1,0.5
401,1,0.5
373,1,0.5
429,1,0.5
403,1,0.5
375,1,0.5
431,1,0.5
210,1,0.5
182,1,0.5
238,1,0.5
209,1,0.5
181,1,0.5
237,1,0.5
211,1,0.5
183,1,0.5
239,1,0.5
315,1,0.5
287,1,0.5
343,1,0.5
314,1,0.5
286,1,0.5
342,1,0.5
316,1,0.5
288,1,0.5
344,1,0.5
482,1,0.5
454,1,0.5
510,1,0.5
481,1,0.5
453,1,0.5
509,1,0.5
483,1,0.5
455,1,0.5
511,1,0.5
161,1,0.5
133,1,0.5
189,1,0.5
160,1,0.5
132,1,0.5
188,1,0.5
162,1,0.5
134,1,0.5
190,1,0.5
445,1,0.5
417,1,0.5
473,1,0.5
444,1,0.5
416,1,0.5
472,1,0.5
446,1,0.5
418,1,0.5
474,1,0.5
81,1,0.5
53,1,0.5
109,1,0.5
80,1,0.5
52,1,0.5
108,1,0.5
82,1,0.5
54,1,0.5
110,1,0.5
272,1,0.5
244,1,0.5
300,1,0.5
271,1,0.5
243,1,0.5
299,1,0.5
273,1,0.5
245,1,0.5
301,1,0.5
153,1,0.5
125,1,0.5
181,1,0.5
152,1,0.5
124,1,0.5
180,1,0.5
154,1,0.5
126,1,0.5
182,1,0.5
263,1,0.5
235,1,0.5
291,1,0.5
262,1,0.5
234,1,0.5
290,1,0.5
264,1,0.5
236,1,0.5
292,1,0.5
532,2,0.1
449,2,0.2
395,2,0.3
340,2,0.4
258,2,0.5
175,2,0.6
121,2,0.7
95,2,0.8
70,2,0.9
100,2,1.0
184,2,1.1
268,2,1.2
350,2,1.3
435,2,1.4
519,2,1.5
522,2,1.6
440,2,1.7
385,2,1.8
274,2,1.9
191,2,2.0
107,2,2.1
53,2,2.2
