133,4
132,4
129,0
129,2
129,6
130,1
130,7
131,3
132,1
132,7
132,3
133,3
132,3
132,2
132,6
133,3
133,5
132,2
132,2
132,0
132,5
131,3
131,3
131,3
131,7
131,1
132,1
134,4
131,0
121,5
117,3
119,3
121,3
122,2
123,2
127,6
135,1
159,1
199,1
243,1
288,1
333,1
376,1
414,1
448,1
478,6
507,6
524,2
534,2
541,6
554,6
569,2
577,2
578,2
577,4
572,0
566,5
563,2
563,6
571,1
585,7
592,7
596,3
598,3
601,1
606,6
610,6
618,2
625,2
622,2
611,4
593,4
571,4
552,0
542,0
533,0
512,0
476,0
437,0
396,0
357,0
323,0
290,0
257,4
227,4
196,4
180,2
184,2
193,2
206,6
227,6
261,6
295,6
330,1
369,1
415,1
456,1
500,1
545,1
592,1
629,6
645,2
647,2
641,2
643,6
649,6
653,6
656,3
657,5
650,4
647,6
655,6
660,4
656,4
655,3
655,3
655,7
658,7
