165,0
154,0
135,5
122,3
122,0
120,4
117,4
110,4
107,6
111,1
126,1
148,1
179,6
215,6
256,1
305,1
355,1
404,1
452,1
493,1
539,1
583,1
627,6
662,6
690,2
697,2
694,2
691,2
686,4
683,6
684,6
687,6
694,2
694,4
680,0
656,0
630,4
613,2
610,1
623,1
644,1
671,6
696,1
707,7
710,6
713,6
721,2
729,2
725,4
708,4
687,4
658,0
626,0
591,0
556,0
516,0
478,0
440,0
401,0
360,5
324,5
287,5
250,0
210,0
178,0
157,4
143,4
131,4
116,2
105,2
110,2
120,2
128,2
141,6
167,6
207,6
252,1
301,1
354,1
406,1
456,1
506,1
552,1
590,1
622,1
643,3
643,0
639,2
639,1
644,1
654,1
665,6
669,2
667,2
668,7
671,7
674,7
677,1
678,6
