60,0,1.0
32,0,1.0
88,0,1.0
59,0,1.0
31,0,1.0
87,0,1.0
61,0,1.0
33,0,1.0
89,0,1.0
93,0,1.0
65,0,1.0
121,0,1.0
92,0,1.0
64,0,1.0
120,0,1.0
94,0,1.0
66,0,1.0
122,0,1.0
218,0,1.0
190,0,1.0
246,0,1.0
217,0,1.0
189,0,1.0
245,0,1.0
219,0,1.0
191,0,1.0
247,0,1.0
184,0,1.0
156,0,1.0
212,0,1.0
183,0,1.0
155,0,1.0
211,0,1.0
185,0,1.0
157,0,1.0
213,0,1.0
199,0,1.0
171,0,1.0
227,0,1.0
198,0,1.0
170,0,1.0
226,0,1.0
200,0,1.0
172,0,1.0
228,0,1.0
64,0,1.0
36,0,1.0
92,0,1.0
63,0,1.0
35,0,1.0
91,0,1.0
65,0,1.0
37,0,1.0
93,0,1.0
185,0,1.0
157,0,1.0
213,0,1.0
184,0,1.0
156,0,1.0
212,0,1.0
186,0,1.0
158,0,1.0
214,0,1.0
433,0,1.0
405,0,1.0
461,0,1.0
432,0,1.0
404,0,1.0
460,0,1.0
434,0,1.0
406,0,1.0
462,0,1.0
75,0,1.0
47,0,1.0
103,0,1.0
74,0,1.0
46,0,1.0
102,0,1.0
76,0,1.0
48,0,1.0
104,0,1.0
52,0,1.0
24,0,1.0
80,0,1.0
51,0,1.0
23,0,1.0
79,0,1.0
53,0,1.0
25,0,1.0
81,0,1.0
513,0,1.0
485,0,1.0
541,0,1.0
512,0,1.0
484,0,1.0
540,0,1.0
514,0,1.0
486,0,1.0
542,0,1.0
488,0,1.0
460,0,1.0
516,0,1.0
487,0,1.0
459,0,1.0
515,0,1.0
489,0,1.0
461,0,1.0
517,0,1.0
395,1,1.0
367,1,1.0
423,1,1.0
394,1,1.0
366,1,1.0
422,1,1.0
396,1,1.0
368,1,1.0
424,1,1.0
495,1,1.0
467,1,1.0
523,1,1.0
494,1,1.0
466,1,1.0
522,1,1.0
496,1,1.0
468,1,1.0
524,1,1.0
415,1,1.0
387,1,1.0
443,1,1.0
414,1,1.0
386,1,1.0
442,1,1.0
416,1,1.0
388,1,1.0
444,1,1.0
415,1,1.0
387,1,1.0
443,1,1.0
414,1,1.0
386,1,1.0
442,1,1.0
416,1,1.0
388,1,1.0
444,1,1.0
332,1,1.0
304,1,1.0
360,1,1.0
331,1,1.0
303,1,1.0
359,1,1.0
333,1,1.0
305,1,1.0
361,1,1.0
422,1,1.0
394,1,1.0
450,1,1.0
421,1,1.0
393,1,1.0
449,1,1.0
423,1,1.0
395,1,1.0
451,1,1.0
65,1,1.0
37,1,1.0
93,1,1.0
64,1,1.0
36,1,1.0
92,1,1.0
66,1,1.0
38,1,1.0
94,1,1.0
288,1,1.0
260,1,1.0
316,1,1.0
287,1,1.0
259,1,1.0
315,1,1.0
289,1,1.0
261,1,1.0
317,1,1.0
397,1,1.0
369,1,1.0
425,1,1.0
396,1,1.0
368,1,1.0
424,1,1.0
398,1,1.0
370,1,1.0
426,1,1.0
29,1,1.0
1,1,1.0
57,1,1.0
28,1,1.0
0,1,1.0
56,1,1.0
30,1,1.0
2,1,1.0
58,1,1.0
189,1,1.0
161,1,1.0
217,1,1.0
188,1,1.0
160,1,1.0
216,1,1.0
190,1,1.0
162,1,1.0
218,1,1.0
455,1,1.0
427,1,1.0
483,1,1.0
454,1,1.0
426,1,1.0
482,1,1.0
456,1,1.0
428,1,1.0
484,1,1.0
532,2,0.1
504,2,0.05
560,2,0.05
533,2,0.05
505,2,0.05
561,2,0.05
449,2,0.2
421,2,0.1
477,2,0.1
448,2,0.1
420,2,0.1
476,2,0.1
450,2,0.1
422,2,0.1
478,2,0.1
395,2,0.3
367,2,0.15
423,2,0.15
394,2,0.15
366,2,0.15
422,2,0.15
396,2,0.15
368,2,0.15
424,2,0.15
340,2,0.4
312,2,0.2
368,2,0.2
339,2,0.2
311,2,0.2
367,2,0.2
341,2,0.2
313,2,0.2
369,2,0.2
258,2,0.5
230,2,0.25
286,2,0.25
257,2,0.25
229,2,0.25
285,2,0.25
259,2,0.25
231,2,0.25
287,2,0.25
175,2,0.6
147,2,0.3
203,2,0.3
174,2,0.3
146,2,0.3
202,2,0.3
176,2,0.3
148,2,0.3
204,2,0.3
121,2,0.7
93,2,0.35
149,2,0.35
120,2,0.35
92,2,0.35
148,2,0.35
122,2,0.35
94,2,0.35
150,2,0.35
95,2,0.8
67,2,0.4
123,2,0.4
94,2,0.4
66,2,0.4
122,2,0.4
96,2,0.4
68,2,0.4
124,2,0.4
70,2,0.9
42,2,0.45
98,2,0.45
69,2,0.45
41,2,0.45
97,2,0.45
71,2,0.45
43,2,0.45
99,2,0.45
100,2,1.0
72,2,0.5
128,2,0.5
99,2,0.5
71,2,0.5
127,2,0.5
101,2,0.5
73,2,0.5
129,2,0.5
184,2,1.1
156,2,0.55
212,2,0.55
183,2,0.55
155,2,0.55
211,2,0.55
185,2,0.55
157,2,0.55
213,2,0.55
268,2,1.2
240,2,0.6
296,2,0.6
267,2,0.6
239,2,0.6
295,2,0.6
269,2,0.6
241,2,0.6
297,2,0.6
350,2,1.3
322,2,0.65
378,2,0.65
349,2,0.65
321,2,0.65
377,2,0.65
351,2,0.65
323,2,0.65
379,2,0.65
435,2,1.4
407,2,0.7
463,2,0.7
434,2,0.7
406,2,0.7
462,2,0.7
436,2,0.7
408,2,0.7
464,2,0.7
519,2,1.5
491,2,0.75
547,2,0.75
518,2,0.75
490,2,0.75
546,2,0.75
520,2,0.75
492,2,0.75
548,2,0.75
522,2,1.6
494,2,0.8
550,2,0.8
521,2,0.8
493,2,0.8
549,2,0.8
523,2,0.8
495,2,0.8
551,2,0.8
440,2,1.7
412,2,0.85
468,2,0.85
439,2,0.85
411,2,0.85
467,2,0.85
441,2,0.85
413,2,0.85
469,2,0.85
385,2,1.8
357,2,0.9
413,2,0.9
384,2,0.9
356,2,0.9
412,2,0.9
386,2,0.9
358,2,0.9
414,2,0.9
274,2,1.9
246,2,0.95
302,2,0.95
273,2,0.95
245,2,0.95
301,2,0.95
275,2,0.95
247,2,0.95
303,2,0.95
191,2,2.0
163,2,1.0
219,2,1.0
190,2,1.0
162,2,1.0
218,2,1.0
192,2,1.0
164,2,1.0
220,2,1.0
107,2,2.1
79,2,1.05
135,2,1.05
106,2,1.05
78,2,1.05
134,2,1.05
108,2,1.05
80,2,1.05
136,2,1.05
53,2,2.2
25,2,1.1
81,2,1.1
52,2,1.1
24,2,1.1
80,2,1.1
54,2,1.1
26,2,1.1
82,2,1.1
