86,5
81,1
88,6
106,6
132,1
167,1
208,1
245,1
272,1
292,7
306,7
319,6
337,6
358,6
384,6
413,6
436,6
455,1
473,7
498,7
521,1
544,1
562,1
573,0
570,0
560,0
555,1
560,1
583,1
603,7
609,7
613,1
629,6
655,6
672,2
672,2
665,2
653,4
628,4
599,4
576,4
557,4
537,0
512,0
485,0
460,5
442,5
427,5
410,4
393,4
371,0
348,0
322,0
303,0
299,6
303,6
311,6
312,0
308,0
298,0
287,4
273,4
253,4
227,4
201,2
188,2
178,2
164,2
149,2
150,6
171,1
199,1
216,7
232,7
252,7
272,7
285,1
292,7
294,5
292,5
291,3
290,6
290,2
292,2
290,2
284,4
277,4
272,2
271,1
275,1
279,2
280,2
280,2
287,6
297,7
305,3
311,7
334,7
373,1
418,1
465,6
510,6
548,6
588,6
632,6
667,6
690,2
692,4
681,4
676,6
678,6
680,4
678,6
679,7
681,1
682,2
681,0
678,3
677,3
