667,3
668,3
675,3
683,3
684,3
682,3
678,2
678,2
681,2
679,4
667,4
658,5
657,3
664,3
671,3
674,3
675,3
682,3
694,3
701,3
697,3
695,3
688,5
661,5
639,5
627,5
611,0
592,4
576,4
558,4
542,4
533,4
518,0
504,0
485,0
462,4
439,4
419,2
404,2
395,2
400,2
411,2
426,6
445,2
456,2
443,4
420,4
399,4
381,0
358,5
339,5
322,5
314,4
311,2
309,2
307,2
308,2
307,4
289,0
264,0
237,5
216,5
195,0
167,5
147,3
134,3
125,3
117,3
120,3
131,3
143,3
157,3
177,3
192,3
191,5
160,5
119,5
94,3
82,3
78,3
83,7
108,7
146,7
173,1
190,7
193,5
186,5
184,3
186,3
187,7
190,7
193,7
194,3
194,3
194,5
