454,0,1.0
426,0,1.0
482,0,1.0
453,0,1.0
425,0,1.0
481,0,1.0
455,0,1.0
427,0,1.0
483,0,1.0
322,0,1.0
294,0,1.0
350,0,1.0
321,0,1.0
293,0,1.0
349,0,1.0
323,0,1.0
295,0,1.0
351,0,1.0
120,0,1.0
92,0,1.0
148,0,1.0
119,0,1.0
91,0,1.0
147,0,1.0
121,0,1.0
93,0,1.0
149,0,1.0
402,0,1.0
374,0,1.0
430,0,1.0
401,0,1.0
373,0,1.0
429,0,1.0
403,0,1.0
375,0,1.0
431,0,1.0
159,0,1.0
131,0,1.0
187,0,1.0
158,0,1.0
130,0,1.0
186,0,1.0
160,0,1.0
132,0,1.0
188,0,1.0
474,0,1.0
446,0,1.0
502,0,1.0
473,0,1.0
445,0,1.0
501,0,1.0
475,0,1.0
447,0,1.0
503,0,1.0
62,0,1.0
34,0,1.0
90,0,1.0
61,0,1.0
33,0,1.0
89,0,1.0
63,0,1.0
35,0,1.0
91,0,1.0
131,0,1.0
103,0,1.0
159,0,1.0
130,0,1.0
102,0,1.0
158,0,1.0
132,0,1.0
104,0,1.0
160,0,1.0
75,0,1.0
47,0,1.0
103,0,1.0
74,0,1.0
46,0,1.0
102,0,1.0
76,0,1.0
48,0,1.0
104,0,1.0
536,0,1.0
508,0,1.0
564,0,1.0
535,0,1.0
507,0,1.0
563,0,1.0
537,0,1.0
509,0,1.0
565,0,1.0
114,0,1.0
86,0,1.0
142,0,1.0
113,0,1.0
85,0,1.0
141,0,1.0
115,0,1.0
87,0,1.0
143,0,1.0
285,0,1.0
257,0,1.0
313,0,1.0
284,0,1.0
256,0,1.0
312,0,1.0
286,0,1.0
258,0,1.0
314,0,1.0
396,1,1.0
368,1,1.0
424,1,1.0
395,1,1.0
367,1,1.0
423,1,1.0
397,1,1.0
369,1,1.0
425,1,1.0
407,1,1.0
379,1,1.0
435,1,1.0
406,1,1.0
378,1,1.0
434,1,1.0
408,1,1.0
380,1,1.0
436,1,1.0
105,1,1.0
77,1,1.0
133,1,1.0
104,1,1.0
76,1,1.0
132,1,1.0
106,1,1.0
78,1,1.0
134,1,1.0
454,1,1.0
426,1,1.0
482,1,1.0
453,1,1.0
425,1,1.0
481,1,1.0
455,1,1.0
427,1,1.0
483,1,1.0
432,1,1.0
404,1,1.0
460,1,1.0
431,1,1.0
403,1,1.0
459,1,1.0
433,1,1.0
405,1,1.0
461,1,1.0
487,1,1.0
459,1,1.0
515,1,1.0
486,1,1.0
458,1,1.0
514,1,1.0
488,1,1.0
460,1,1.0
516,1,1.0
264,1,1.0
236,1,1.0
292,1,1.0
263,1,1.0
235,1,1.0
291,1,1.0
265,1,1.0
237,1,1.0
293,1,1.0
469,1,1.0
441,1,1.0
497,1,1.0
468,1,1.0
440,1,1.0
496,1,1.0
470,1,1.0
442,1,1.0
498,1,1.0
148,1,1.0
120,1,1.0
176,1,1.0
147,1,1.0
119,1,1.0
175,1,1.0
149,1,1.0
121,1,1.0
177,1,1.0
322,1,1.0
294,1,1.0
350,1,1.0
321,1,1.0
293,1,1.0
349,1,1.0
323,1,1.0
295,1,1.0
351,1,1.0
296,1,1.0
268,1,1.0
324,1,1.0
295,1,1.0
267,1,1.0
323,1,1.0
297,1,1.0
269,1,1.0
325,1,1.0
355,1,1.0
327,1,1.0
383,1,1.0
354,1,1.0
326,1,1.0
382,1,1.0
356,1,1.0
328,1,1.0
384,1,1.0
532,2,0.1
504,2,0.05
560,2,0.05
533,2,0.05
505,2,0.05
561,2,0.05
449,2,0.2
421,2,0.1
477,2,0.1
448,2,0.1
420,2,0.1
476,2,0.1
450,2,0.1
422,2,0.1
478,2,0.1
365,2,0.3
337,2,0.15
393,2,0.15
364,2,0.15
336,2,0.15
392,2,0.15
366,2,0.15
338,2,0.15
394,2,0.15
253,2,0.4
225,2,0.2
281,2,0.2
252,2,0.2
224,2,0.2
280,2,0.2
254,2,0.2
226,2,0.2
282,2,0.2
170,2,0.5
142,2,0.25
198,2,0.25
169,2,0.25
141,2,0.25
197,2,0.25
171,2,0.25
143,2,0.25
199,2,0.25
87,2,0.6
59,2,0.3
115,2,0.3
86,2,0.3
58,2,0.3
114,2,0.3
88,2,0.3
60,2,0.3
116,2,0.3
60,2,0.7
32,2,0.35
88,2,0.35
59,2,0.35
31,2,0.35
87,2,0.35
61,2,0.35
33,2,0.35
89,2,0.35
5,2,0.8
33,2,0.4
4,2,0.4
32,2,0.4
6,2,0.4
34,2,0.4
8,2,0.9
36,2,0.45
7,2,0.45
35,2,0.45
9,2,0.45
37,2,0.45
11,2,1.0
39,2,0.5
10,2,0.5
38,2,0.5
12,2,0.5
40,2,0.5
41,2,1.1
13,2,0.55
69,2,0.55
40,2,0.55
12,2,0.55
68,2,0.55
42,2,0.55
14,2,0.55
70,2,0.55
126,2,1.2
98,2,0.6
154,2,0.6
125,2,0.6
97,2,0.6
153,2,0.6
127,2,0.6
99,2,0.6
155,2,0.6
180,2,1.3
152,2,0.65
208,2,0.65
179,2,0.65
151,2,0.65
207,2,0.65
181,2,0.65
153,2,0.65
209,2,0.65
263,2,1.4
235,2,0.7
291,2,0.7
262,2,0.7
234,2,0.7
290,2,0.7
264,2,0.7
236,2,0.7
292,2,0.7
346,2,1.5
318,2,0.75
374,2,0.75
345,2,0.75
317,2,0.75
373,2,0.75
347,2,0.75
319,2,0.75
375,2,0.75
431,2,1.6
403,2,0.8
459,2,0.8
430,2,0.8
402,2,0.8
458,2,0.8
432,2,0.8
404,2,0.8
460,2,0.8
515,2,1.7
487,2,0.85
543,2,0.85
514,2,0.85
486,2,0.85
542,2,0.85
516,2,0.85
488,2,0.85
544,2,0.85
544,2,1.8
516,2,0.9
572,2,0.9
543,2,0.9
515,2,0.9
571,2,0.9
545,2,0.9
517,2,0.9
573,2,0.9
547,2,1.9
519,2,0.95
575,2,0.95
546,2,0.95
518,2,0.95
574,2,0.95
548,2,0.95
520,2,0.95
576,2,0.95
550,2,2.0
522,2,1.0
578,2,1.0
549,2,1.0
521,2,1.0
577,2,1.0
551,2,1.0
523,2,1.0
579,2,1.0
525,2,2.1
497,2,1.05
553,2,1.05
524,2,1.05
496,2,1.05
552,2,1.05
526,2,1.05
498,2,1.05
554,2,1.05
471,2,2.2
443,2,1.1
499,2,1.1
470,2,1.1
442,2,1.1
498,2,1.1
472,2,1.1
444,2,1.1
500,2,1.1
387,2,2.3
359,2,1.15
415,2,1.15
386,2,1.15
358,2,1.15
414,2,1.15
388,2,1.15
360,2,1.15
416,2,1.15
303,2,2.4
275,2,1.2
331,2,1.2
302,2,1.2
274,2,1.2
330,2,1.2
304,2,1.2
276,2,1.2
332,2,1.2
218,2,2.5
190,2,1.25
246,2,1.25
217,2,1.25
189,2,1.25
245,2,1.25
219,2,1.25
191,2,1.25
247,2,1.25
136,2,2.6
108,2,1.3
164,2,1.3
135,2,1.3
107,2,1.3
163,2,1.3
137,2,1.3
109,2,1.3
165,2,1.3
81,2,2.7
53,2,1.35
109,2,1.35
80,2,1.35
52,2,1.35
108,2,1.35
82,2,1.35
54,2,1.35
110,2,1.35
