677,3
679,3
686,3
697,3
702,3
701,3
703,3
709,3
714,3
718,3
724,3
731,3
735,3
743,3
758,3
764,3
759,3
754,3
743,5
728,0
709,0
694,5
683,5
676,5
672,2
672,6
679,6
690,6
704,6
709,0
704,5
696,5
689,5
681,5
678,6
692,6
714,6
722,2
719,2
719,2
725,2
734,2
731,4
712,4
684,0
656,0
626,0
596,0
573,4
556,4
544,4
526,4
508,4
501,2
503,6
509,1
518,2
521,2
526,2
540,2
543,2
533,2
519,4
500,4
474,4
439,4
405,0
369,0
339,5
309,5
274,0
237,0
187,5
160,3
156,3
146,5
129,5
102,3
83,3
81,3
88,3
101,3
120,3
132,3
143,3
155,7
156,4
147,0
139,3
136,3
139,3
141,0
139,0
137,0
136,5
136,3
136,3
135,5
