133,4
130,0
126,0
113,0
94,5
86,3
89,7
95,1
103,1
119,1
148,1
185,1
227,1
273,1
314,1
355,1
395,1
430,6
457,6
477,6
498,6
527,6
557,6
588,6
620,6
649,2
661,2
652,4
641,2
640,6
650,1
662,6
676,6
698,6
715,1
724,1
725,4
719,4
710,4
691,4
675,0
664,5
645,5
623,0
603,0
580,0
561,4
544,4
533,2
522,4
510,0
493,0
466,0
434,0
397,0
356,5
320,0
288,0
255,0
222,0
184,4
151,4
137,2
130,2
130,2
140,6
153,6
157,4
152,4
147,4
142,4
139,4
131,4
120,2
119,6
132,6
151,6
175,6
207,1
249,1
293,1
341,1
387,1
432,1
481,1
529,1
571,6
605,6
632,6
655,1
671,6
677,2
676,2
677,2
676,4
672,4
667,7
670,3
672,3
674,3
676,5
673,0
