682,3
683,3
676,3
671,3
673,3
679,3
684,3
693,3
706,3
712,3
710,3
703,3
691,5
669,5
634,5
601,0
570,0
546,4
535,4
528,4
507,4
478,4
461,2
456,6
468,1
483,1
504,6
509,0
484,0
439,0
407,4
392,2
383,2
373,2
368,2
376,6
404,6
435,6
462,6
484,2
497,2
496,2
480,4
464,2
453,2
445,2
435,4
420,4
400,0
373,0
340,0
308,0
273,0
239,5
207,5
178,5
150,5
129,3
127,3
131,3
138,3
151,3
169,3
174,3
169,3
168,3
175,3
181,3
185,3
182,3
171,5
152,5
125,3
121,6
129,2
129,3
129,7
135,7
138,3
138,7
138,3
139,3
139,3
138,5
137,0
