504,2
503,2
530,2
529,2
502,0
502,5
502,5
502,3
503,7
504,3
532,3
534,3
535,3
537,3
567,3
569,3
570,3
599,3
600,3
573,3
575,3
576,3
578,3
550,5
551,5
525,0
497,0
469,0
441,0
441,4
441,4
412,0
412,5
412,3
412,3
412,5
413,0
386,4
356,4
329,0
300,0
272,4
243,4
242,2
212,2
211,2
210,2
209,2
208,2
207,2
206,2
177,2
176,2
175,4
145,4
116,4
87,0
59,5
59,5
59,3
60,3
60,3
31,5
32,5
5,5
11,3
12,3
41,3
71,7
100,7
101,7
73,7
45,7
46,3
20,5
20,5
22,5
23,3
53,3
54,3
83,3
83,3
84,7
55,7
54,7
54,0
54,0
54,0
55,4
55,0
