172,5
169,0
160,0
150,4
143,4
141,2
141,4
138,4
136,0
134,0
134,1
135,7
136,7
138,7
139,7
140,2
140,0
138,5
138,7
141,7
144,1
145,1
148,7
152,7
154,7
155,2
155,2
155,2
152,0
152,5
149,7
154,7
168,7
184,7
203,1
223,1
244,1
271,1
304,1
337,1
368,1
402,1
437,1
478,6
512,6
542,6
566,6
589,6
605,6
618,6
633,6
653,6
675,2
685,2
685,2
686,2
681,4
662,0
632,0
592,0
552,0
511,0
465,0
420,0
371,0
324,0
280,0
241,0
210,0
181,0
147,4
122,4
108,2
96,2
83,2
80,2
87,6
102,6
120,6
145,6
174,6
203,6
232,6
263,1
298,1
334,1
375,1
422,1
469,1
516,1
560,1
601,1
624,1
637,1
644,6
648,1
650,3
649,7
651,2
651,4
646,2
637,4
629,2
627,7
632,7
640,7
647,2
647,4
