635,0
632,3
631,7
638,7
650,1
659,1
678,7
694,3
705,3
711,3
718,3
720,3
713,3
710,3
713,3
711,3
705,3
706,3
707,3
704,5
702,5
700,5
700,3
703,7
717,7
730,3
739,3
745,3
747,3
749,3
748,5
732,5
708,5
685,5
660,5
635,0
604,0
569,0
542,4
524,4
510,4
498,4
485,2
475,4
462,4
442,4
416,4
391,4
367,4
345,2
327,2
322,2
321,2
313,2
306,2
297,2
281,4
251,4
219,0
197,5
188,3
191,0
188,0
180,5
174,5
161,5
143,5
123,5
94,5
72,3
57,3
46,3
40,3
47,3
64,3
74,3
78,3
85,3
97,3
114,7
135,7
148,7
151,3
152,7
156,5
154,5
143,5
137,3
136,0
132,2
131,6
133,3
132,5
128,5
117,0
