57,3
57,7
59,7
61,2
62,2
58,2
55,2
58,6
69,2
77,6
89,6
109,1
140,1
166,1
190,1
217,7
248,1
283,1
323,1
364,1
406,1
443,6
473,6
496,6
515,1
532,1
541,6
551,6
570,6
594,6
630,6
666,2
674,4
664,2
659,2
665,2
667,5
660,5
652,5
646,5
640,0
624,0
589,0
541,0
493,0
445,0
400,0
356,0
316,0
276,4
241,4
217,4
194,4
177,2
176,6
184,6
198,6
214,6
236,6
271,6
315,6
351,6
383,1
418,6
445,6
454,2
445,2
439,6
443,7
460,7
490,7
519,1
539,6
559,6
585,6
615,6
644,6
662,6
668,2
667,4
666,0
665,0
662,4
656,6
660,6
667,2
667,2
667,3
667,7
671,7
