325,0,1.0
297,0,1.0
353,0,1.0
324,0,1.0
296,0,1.0
352,0,1.0
326,0,1.0
298,0,1.0
354,0,1.0
322,0,1.0
294,0,1.0
350,0,1.0
321,0,1.0
293,0,1.0
349,0,1.0
323,0,1.0
295,0,1.0
351,0,1.0
158,0,1.0
130,0,1.0
186,0,1.0
157,0,1.0
129,0,1.0
185,0,1.0
159,0,1.0
131,0,1.0
187,0,1.0
138,0,1.0
110,0,1.0
166,0,1.0
137,0,1.0
109,0,1.0
165,0,1.0
139,0,1.0
111,0,1.0
167,0,1.0
131,0,1.0
103,0,1.0
159,0,1.0
130,0,1.0
102,0,1.0
158,0,1.0
132,0,1.0
104,0,1.0
160,0,1.0
229,0,1.0
201,0,1.0
257,0,1.0
228,0,1.0
200,0,1.0
256,0,1.0
230,0,1.0
202,0,1.0
258,0,1.0
128,0,1.0
100,0,1.0
156,0,1.0
127,0,1.0
99,0,1.0
155,0,1.0
129,0,1.0
101,0,1.0
157,0,1.0
320,0,1.0
292,0,1.0
348,0,1.0
319,0,1.0
291,0,1.0
347,0,1.0
321,0,1.0
293,0,1.0
349,0,1.0
472,0,1.0
444,0,1.0
500,0,1.0
471,0,1.0
443,0,1.0
499,0,1.0
473,0,1.0
445,0,1.0
501,0,1.0
70,0,1.0
42,0,1.0
98,0,1.0
69,0,1.0
41,0,1.0
97,0,1.0
71,0,1.0
43,0,1.0
99,0,1.0
321,0,1.0
293,0,1.0
349,0,1.0
320,0,1.0
292,0,1.0
348,0,1.0
322,0,1.0
294,0,1.0
350,0,1.0
366,0,1.0
338,0,1.0
394,0,1.0
365,0,1.0
337,0,1.0
393,0,1.0
367,0,1.0
339,0,1.0
395,0,1.0
359,1,1.0
331,1,1.0
387,1,1.0
358,1,1.0
330,1,1.0
386,1,1.0
360,1,1.0
332,1,1.0
388,1,1.0
283,1,1.0
255,1,1.0
311,1,1.0
282,1,1.0
254,1,1.0
310,1,1.0
284,1,1.0
256,1,1.0
312,1,1.0
416,1,1.0
388,1,1.0
444,1,1.0
415,1,1.0
387,1,1.0
443,1,1.0
417,1,1.0
389,1,1.0
445,1,1.0
182,1,1.0
154,1,1.0
210,1,1.0
181,1,1.0
153,1,1.0
209,1,1.0
183,1,1.0
155,1,1.0
211,1,1.0
86,1,1.0
58,1,1.0
114,1,1.0
85,1,1.0
57,1,1.0
113,1,1.0
87,1,1.0
59,1,1.0
115,1,1.0
118,1,1.0
90,1,1.0
146,1,1.0
117,1,1.0
89,1,1.0
145,1,1.0
119,1,1.0
91,1,1.0
147,1,1.0
29,1,1.0
1,1,1.0
57,1,1.0
28,1,1.0
0,1,1.0
56,1,1.0
30,1,1.0
2,1,1.0
58,1,1.0
162,1,1.0
134,1,1.0
190,1,1.0
161,1,1.0
133,1,1.0
189,1,1.0
163,1,1.0
135,1,1.0
191,1,1.0
413,1,1.0
385,1,1.0
441,1,1.0
412,1,1.0
384,1,1.0
440,1,1.0
414,1,1.0
386,1,1.0
442,1,1.0
44,1,1.0
16,1,1.0
72,1,1.0
43,1,1.0
15,1,1.0
71,1,1.0
45,1,1.0
17,1,1.0
73,1,1.0
126,1,1.0
98,1,1.0
154,1,1.0
125,1,1.0
97,1,1.0
153,1,1.0
127,1,1.0
99,1,1.0
155,1,1.0
497,1,1.0
469,1,1.0
525,1,1.0
496,1,1.0
468,1,1.0
524,1,1.0
498,1,1.0
470,1,1.0
526,1,1.0
534,2,0.1
506,2,0.05
562,2,0.05
533,2,0.05
505,2,0.05
561,2,0.05
535,2,0.05
507,2,0.05
563,2,0.05
537,2,0.2
509,2,0.1
565,2,0.1
536,2,0.1
508,2,0.1
564,2,0.1
538,2,0.1
510,2,0.1
566,2,0.1
540,2,0.3
512,2,0.15
568,2,0.15
539,2,0.15
511,2,0.15
567,2,0.15
541,2,0.15
513,2,0.15
569,2,0.15
543,2,0.4
515,2,0.2
571,2,0.2
542,2,0.2
514,2,0.2
570,2,0.2
544,2,0.2
516,2,0.2
572,2,0.2
546,2,0.5
518,2,0.25
574,2,0.25
545,2,0.25
517,2,0.25
573,2,0.25
547,2,0.25
519,2,0.25
575,2,0.25
549,2,0.6
521,2,0.3
577,2,0.3
548,2,0.3
520,2,0.3
576,2,0.3
550,2,0.3
522,2,0.3
578,2,0.3
552,2,0.7
524,2,0.35
580,2,0.35
551,2,0.35
523,2,0.35
579,2,0.35
553,2,0.35
525,2,0.35
581,2,0.35
555,2,0.8
527,2,0.4
583,2,0.4
554,2,0.4
526,2,0.4
582,2,0.4
556,2,0.4
528,2,0.4
584,2,0.4
503,2,0.9
475,2,0.45
531,2,0.45
502,2,0.45
474,2,0.45
530,2,0.45
418,2,1.0
390,2,0.5
446,2,0.5
417,2,0.5
389,2,0.5
445,2,0.5
419,2,0.5
391,2,0.5
447,2,0.5
415,2,1.1
387,2,0.55
443,2,0.55
414,2,0.55
386,2,0.55
442,2,0.55
416,2,0.55
388,2,0.55
444,2,0.55
412,2,1.2
384,2,0.6
440,2,0.6
411,2,0.6
383,2,0.6
439,2,0.6
413,2,0.6
385,2,0.6
441,2,0.6
438,2,1.3
410,2,0.65
466,2,0.65
437,2,0.65
409,2,0.65
465,2,0.65
439,2,0.65
411,2,0.65
467,2,0.65
435,2,1.4
407,2,0.7
463,2,0.7
434,2,0.7
406,2,0.7
462,2,0.7
436,2,0.7
408,2,0.7
464,2,0.7
432,2,1.5
404,2,0.75
460,2,0.75
431,2,0.75
403,2,0.75
459,2,0.75
433,2,0.75
405,2,0.75
461,2,0.75
400,2,1.6
372,2,0.8
428,2,0.8
399,2,0.8
371,2,0.8
427,2,0.8
401,2,0.8
373,2,0.8
429,2,0.8
371,2,1.7
343,2,0.85
399,2,0.85
370,2,0.85
342,2,0.85
398,2,0.85
372,2,0.85
344,2,0.85
400,2,0.85
259,2,1.8
231,2,0.9
287,2,0.9
258,2,0.9
230,2,0.9
286,2,0.9
260,2,0.9
232,2,0.9
288,2,0.9
202,2,1.9
174,2,0.95
230,2,0.95
201,2,0.95
173,2,0.95
229,2,0.95
203,2,0.95
175,2,0.95
231,2,0.95
172,2,2.0
144,2,1.0
200,2,1.0
171,2,1.0
143,2,1.0
199,2,1.0
173,2,1.0
145,2,1.0
201,2,1.0
88,2,2.1
60,2,1.05
116,2,1.05
87,2,1.05
59,2,1.05
115,2,1.05
89,2,1.05
61,2,1.05
117,2,1.05
34,2,2.2
6,2,1.1
62,2,1.1
33,2,1.1
5,2,1.1
61,2,1.1
35,2,1.1
7,2,1.1
63,2,1.1
9,2,2.3
37,2,1.15
8,2,1.15
36,2,1.15
10,2,1.15
38,2,1.15
13,2,2.4
41,2,1.2
12,2,1.2
40,2,1.2
14,2,1.2
42,2,1.2
17,2,2.5
45,2,1.25
16,2,1.25
44,2,1.25
18,2,1.25
46,2,1.25
20,2,2.6
48,2,1.3
19,2,1.3
47,2,1.3
21,2,1.3
49,2,1.3
22,2,2.7
50,2,1.35
21,2,1.35
49,2,1.35
23,2,1.35
51,2,1.35
25,2,2.8
53,2,1.4
24,2,1.4
52,2,1.4
26,2,1.4
54,2,1.4
