691,0
688,7
688,5
682,5
661,5
641,3
636,3
641,3
645,3
654,7
673,3
687,3
687,3
692,3
699,3
695,3
687,3
686,3
688,3
689,3
693,3
698,7
703,3
702,5
692,5
677,2
675,6
689,2
695,4
684,4
669,4
654,0
638,0
621,0
608,2
607,2
603,2
602,2
597,4
584,4
571,4
561,4
559,2
557,4
550,4
533,4
523,2
512,4
494,4
471,4
460,4
457,7
460,6
460,0
444,0
423,0
396,0
366,0
344,5
335,5
324,5
310,5
295,0
283,4
272,0
258,4
258,1
268,6
288,6
300,6
312,6
330,2
332,4
316,4
292,4
265,5
244,5
229,5
209,5
179,5
156,5
138,3
131,3
133,7
149,7
179,7
207,7
237,7
269,7
295,7
322,7
342,7
353,0
342,0
307,5
269,5
235,5
200,5
181,3
164,3
152,5
134,5
121,5
117,1
125,1
132,1
138,7
142,7
144,1
149,1
154,6
160,6
163,3
164,3
166,3
