644,3
645,7
650,3
650,4
645,3
644,5
641,0
628,0
614,5
608,0
596,5
586,5
581,5
579,7
580,3
579,3
581,3
590,3
596,3
594,3
596,3
606,7
618,7
634,7
657,7
689,7
714,7
731,7
747,3
751,3
739,5
723,5
705,5
676,5
641,5
618,5
599,5
588,3
590,3
590,3
583,3
573,3
568,3
561,5
544,5
536,5
527,5
508,4
484,4
460,4
426,4
391,4
363,4
335,4
310,4
295,4
278,4
250,0
214,4
208,6
224,2
225,4
214,4
203,4
185,2
180,7
209,1
234,6
240,2
244,6
259,6
277,2
289,6
301,6
322,6
354,6
378,6
402,2
417,2
420,2
424,4
409,0
392,4
364,0
332,0
292,0
237,0
184,5
139,5
99,5
79,3
72,3
66,3
63,3
66,3
67,3
65,3
69,3
67,3
60,3
65,3
73,7
86,7
111,7
133,7
143,7
151,7
156,7
160,7
164,7
165,3
166,1
171,6
181,6
184,3
