27,3
27,3
27,3
27,2
27,4
27,2
27,4
27,0
27,5
27,7
54,1
54,6
54,1
83,7
111,1
139,1
167,1
167,1
195,1
222,1
251,1
279,1
306,1
333,6
360,6
388,6
414,6
442,6
442,6
441,6
441,6
468,2
495,2
522,6
521,6
520,6
520,6
491,2
463,4
434,0
405,4
377,4
321,4
293,0
266,0
238,0
182,5
155,0
127,0
99,0
70,0
40,0
11,4
10,4
9,4
8,2
35,2
64,2
64,6
92,1
64,1
63,6
62,4
61,4
60,2
87,2
115,2
170,6
197,1
255,1
283,1
311,1
368,1
395,1
423,1
450,1
478,6
505,6
532,6
532,1
532,1
532,1
532,7
532,1
532,6
532,4
532,4
532,4
532,5
532,0
