659,7
661,2
661,5
658,3
656,7
661,1
675,7
687,3
689,3
687,3
689,3
689,3
685,3
685,3
687,3
686,3
685,3
689,3
691,3
690,3
690,3
687,3
677,3
665,3
653,5
636,5
616,5
595,0
574,0
543,4
510,4
479,4
458,2
443,2
428,2
418,2
413,2
407,2
398,2
395,2
392,2
381,2
367,2
355,2
345,2
332,2
317,2
306,2
296,4
277,4
253,4
225,0
199,5
183,5
165,5
145,3
136,3
133,3
126,3
120,3
119,3
116,3
112,3
116,3
120,3
119,3
123,3
127,3
126,3
125,3
129,3
131,3
128,3
133,3
137,3
138,3
139,3
140,3
139,5
137,3
137,3
137,6
138,6
139,6
140,7
143,0
139,4
