138,6
140,4
140,3
140,0
137,0
131,4
127,2
127,3
129,1
144,6
155,6
158,6
162,6
165,2
165,3
167,3
170,3
173,7
175,2
177,7
179,5
177,0
172,4
168,2
168,6
172,2
167,2
159,2
158,1
160,6
163,1
173,1
187,6
199,6
209,6
220,6
231,6
238,6
246,1
259,1
274,1
291,1
311,1
336,1
364,1
397,1
434,1
473,1
511,1
546,6
577,6
605,6
625,6
638,6
654,2
663,2
659,2
651,2
645,4
632,0
619,6
626,2
629,4
615,4
596,4
574,0
552,0
527,5
505,5
486,5
464,0
440,0
413,0
383,0
349,0
314,0
284,0
255,0
224,0
197,0
178,4
159,0
134,4
111,2
103,2
100,2
96,2
98,2
104,2
102,2
102,2
108,2
116,2
123,6
142,6
168,6
191,6
220,1
250,1
281,1
313,1
348,1
383,1
420,1
456,1
496,1
533,1
571,1
604,1
634,1
658,7
669,3
670,5
668,6
670,2
671,7
672,3
672,3
671,2
671,3
671,3
671,6
671,6
672,1
676,3
