547,0,1.0
519,0,0.5
575,0,0.5
546,0,0.5
518,0,0.25
574,0,0.25
548,0,0.5
520,0,0.25
576,0,0.25
516,0,1.0
488,0,0.5
544,0,0.5
515,0,0.5
487,0,0.25
543,0,0.25
517,0,0.5
489,0,0.25
545,0,0.25
376,0,1.0
348,0,0.5
404,0,0.5
375,0,0.5
347,0,0.25
403,0,0.25
377,0,0.5
349,0,0.25
405,0,0.25
318,0,1.0
290,0,0.5
346,0,0.5
317,0,0.5
289,0,0.25
345,0,0.25
319,0,0.5
291,0,0.25
347,0,0.25
259,0,1.0
231,0,0.5
287,0,0.5
258,0,0.5
230,0,0.25
286,0,0.25
260,0,0.5
232,0,0.25
288,0,0.25
312,0,1.0
284,0,0.5
340,0,0.5
311,0,0.5
283,0,0.25
339,0,0.25
313,0,0.5
285,0,0.25
341,0,0.25
315,0,1.0
287,0,0.5
343,0,0.5
314,0,0.5
286,0,0.25
342,0,0.25
316,0,0.5
288,0,0.25
344,0,0.25
322,0,1.0
294,0,0.5
350,0,0.5
321,0,0.5
293,0,0.25
349,0,0.25
323,0,0.5
295,0,0.25
351,0,0.25
126,0,1.0
98,0,0.5
154,0,0.5
125,0,0.5
97,0,0.25
153,0,0.25
127,0,0.5
99,0,0.25
155,0,0.25
370,0,1.0
342,0,0.5
398,0,0.5
369,0,0.5
341,0,0.25
397,0,0.25
371,0,0.5
343,0,0.25
399,0,0.25
356,0,1.0
328,0,0.5
384,0,0.5
355,0,0.5
327,0,0.25
383,0,0.25
357,0,0.5
329,0,0.25
385,0,0.25
134,0,1.0
106,0,0.5
162,0,0.5
133,0,0.5
105,0,0.25
161,0,0.25
135,0,0.5
107,0,0.25
163,0,0.25
288,1,1.0
260,1,0.25
316,1,0.25
287,1,0.25
259,1,0.05
315,1,0.05
289,1,0.25
261,1,0.05
317,1,0.05
468,1,1.0
440,1,0.25
496,1,0.25
467,1,0.25
439,1,0.05
495,1,0.05
469,1,0.25
441,1,0.05
497,1,0.05
402,1,1.0
374,1,0.25
430,1,0.25
401,1,0.25
373,1,0.05
429,1,0.05
403,1,0.25
375,1,0.05
431,1,0.05
210,1,1.0
182,1,0.25
238,1,0.25
209,1,0.25
181,1,0.05
237,1,0.05
211,1,0.25
183,1,0.05
239,1,0.05
315,1,1.0
287,1,0.25
343,1,0.25
314,1,0.25
286,1,0.05
342,1,0.05
316,1,0.25
288,1,0.05
344,1,0.05
482,1,1.0
454,1,0.25
510,1,0.25
481,1,0.25
453,1,0.05
509,1,0.05
483,1,0.25
455,1,0.05
511,1,0.05
161,1,1.0
133,1,0.25
189,1,0.25
160,1,0.25
132,1,0.05
188,1,0.05
162,1,0.25
134,1,0.05
190,1,0.05
445,1,1.0
417,1,0.25
473,1,0.25
444,1,0.25
416,1,0.05
472,1,0.05
446,1,0.25
418,1,0.05
474,1,0.05
81,1,1.0
53,1,0.25
109,1,0.25
80,1,0.25
52,1,0.05
108,1,0.05
82,1,0.25
54,1,0.05
110,1,0.05
272,1,1.0
244,1,0.25
300,1,0.25
271,1,0.25
243,1,0.05
299,1,0.05
273,1,0.25
245,1,0.05
301,1,0.05
153,1,1.0
125,1,0.25
181,1,0.25
152,1,0.25
124,1,0.05
180,1,0.05
154,1,0.25
126,1,0.05
182,1,0.05
263,1,1.0
235,1,0.25
291,1,0.25
262,1,0.25
234,1,0.05
290,1,0.05
264,1,0.25
236,1,0.05
292,1,0.05
532,2,0.1
449,2,0.2
395,2,0.3
340,2,0.4
258,2,0.5
175,2,0.6
121,2,0.7
95,2,0.8
70,2,0.9
100,2,1.0
184,2,1.1
268,2,1.2
350,2,1.3
435,2,1.4
519,2,1.5
522,2,1.6
440,2,1.7
385,2,1.8
274,2,1.9
191,2,2.0
107,2,2.1
53,2,2.2
