638,0
633,3
635,3
644,3
645,3
637,3
636,3
647,7
662,3
670,3
674,3
683,7
694,3
702,3
702,3
703,3
707,3
700,3
691,3
693,3
709,3
718,3
707,3
699,3
695,3
689,0
671,0
647,0
617,4
590,2
584,2
590,2
595,2
595,2
600,2
600,2
589,4
569,4
550,2
538,4
519,4
490,4
466,4
445,4
420,4
389,4
356,4
331,4
307,0
276,0
249,5
230,0
209,0
184,5
159,5
139,5
126,3
134,7
150,7
172,7
191,3
199,7
209,7
223,3
220,5
199,5
180,3
175,3
170,3
155,3
148,3
156,3
165,3
159,5
146,5
140,7
144,1
152,1
156,5
153,5
148,5
144,5
143,6
144,6
144,6
147,6
153,6
162,6
