665,0
662,4
660,3
663,3
666,7
678,7
695,3
703,3
699,3
698,3
703,3
704,3
696,3
690,3
691,3
695,3
691,3
689,3
693,3
692,3
683,3
672,3
662,3
651,5
632,5
611,5
592,5
573,0
546,4
517,4
491,4
461,4
435,4
418,4
404,2
390,2
381,2
382,2
385,2
382,2
373,2
367,2
359,2
344,2
330,2
321,2
308,4
289,2
274,2
259,4
243,4
217,0
194,0
172,5
160,3
155,3
154,3
147,3
135,3
132,3
135,3
135,3
131,3
134,3
141,3
139,3
136,3
140,3
146,3
146,3
144,3
149,3
155,3
152,5
147,3
147,2
147,2
146,2
145,2
144,5
142,3
141,7
144,7
147,7
151,1
156,1
