186,7
190,7
193,2
193,0
192,5
185,5
182,7
193,1
213,1
238,6
264,1
295,1
334,1
368,1
402,1
437,1
468,1
493,6
509,6
520,6
528,6
545,6
560,2
568,2
574,6
588,6
611,6
626,2
632,2
635,2
630,4
620,2
611,2
610,2
611,4
596,4
578,4
569,4
561,4
547,0
530,0
516,4
499,4
477,0
455,5
441,5
431,5
411,5
390,5
371,5
351,5
326,0
294,0
267,5
242,0
222,4
198,4
170,4
141,4
125,2
123,2
121,2
122,2
129,6
150,6
185,6
214,6
235,1
261,1
293,6
316,2
329,6
348,6
385,1
427,6
467,1
509,1
553,1
589,1
619,1
643,1
661,1
669,6
671,6
673,4
672,4
670,3
670,3
669,3
669,3
672,3
671,2
671,2
