130,5
129,6
137,6
151,6
161,1
166,3
169,3
168,5
164,4
162,2
161,4
159,0
157,5
156,7
163,7
176,7
190,1
208,6
233,6
261,1
302,1
339,6
371,6
405,6
441,6
469,6
491,6
508,6
529,2
535,4
519,4
489,4
463,4
437,4
407,0
367,4
331,4
301,4
274,4
247,4
227,4
211,4
192,4
168,4
145,4
132,2
133,2
137,2
146,6
162,1
190,6
216,2
222,2
217,2
213,6
228,7
252,7
269,1
289,7
307,3
320,7
337,7
363,7
396,7
413,3
417,3
427,7
452,1
488,1
529,1
568,1
605,6
638,6
661,6
684,2
693,2
685,2
678,2
675,2
664,4
651,2
649,1
652,1
656,1
660,7
661,5
660,5
657,0
654,2
656,6
658,6
663,1
668,1
