136,0
133,0
130,1
136,1
153,1
176,1
189,3
188,0
182,4
173,4
166,4
161,3
161,3
165,3
167,3
168,7
172,7
180,1
188,1
203,1
224,1
252,1
278,1
300,1
326,1
361,1
395,6
429,6
462,6
497,6
521,6
540,6
557,6
578,1
605,1
630,1
649,1
667,7
683,6
697,2
699,2
694,2
693,2
695,2
695,2
691,2
688,2
692,2
696,2
693,2
693,2
695,2
689,4
669,4
642,0
619,0
595,5
566,5
534,0
496,5
463,5
438,5
417,5
393,5
363,5
337,5
315,0
291,0
263,0
239,4
223,4
212,4
195,4
174,4
146,4
125,2
120,2
126,2
123,2
122,6
135,1
157,6
171,2
161,4
137,4
125,6
134,6
148,6
161,6
178,6
206,1
246,1
285,1
326,1
365,1
404,1
438,1
469,1
501,1
536,1
573,6
598,6
615,6
629,1
646,7
655,2
656,2
655,5
654,7
655,6
657,2
656,4
655,4
654,3
654,3
655,3
656,7
