658,4
655,4
650,2
648,0
644,5
635,5
626,3
627,6
633,6
641,7
650,3
652,3
657,7
671,7
694,3
708,3
714,3
722,3
737,3
754,3
758,3
751,3
746,3
737,5
720,5
702,3
692,3
692,3
684,5
665,5
650,5
640,5
626,0
602,5
579,5
560,5
539,0
516,0
493,4
475,0
454,4
432,4
414,4
398,4
374,4
353,2
343,2
335,2
324,2
314,2
312,2
307,2
298,2
287,2
279,2
282,2
284,2
287,2
293,2
289,4
275,0
249,0
222,0
194,0
169,5
159,3
158,3
151,5
131,5
112,3
100,3
92,3
81,3
75,3
84,7
107,7
131,7
154,7
178,7
201,3
205,5
189,5
163,5
143,3
132,3
123,3
113,3
109,3
115,7
129,7
137,3
137,7
138,1
143,6
145,4
143,0
138,4
135,4
132,4
132,7
133,7
137,7
