81,1
81,7
81,3
82,3
82,6
81,6
81,1
81,3
81,4
81,4
81,2
81,4
81,3
81,1
81,6
108,6
108,6
107,6
135,6
163,6
162,1
190,1
217,1
246,1
274,1
303,1
331,1
358,1
386,1
413,1
470,6
469,6
496,6
495,6
523,2
522,2
521,2
520,2
519,2
518,4
489,4
489,4
488,0
460,0
432,0
403,0
376,0
347,0
320,0
292,0
264,0
236,5
208,0
181,0
126,0
98,0
70,0
70,4
41,4
12,0
12,4
5,2
4,2
32,2
60,2
59,2
86,6
114,6
114,6
141,6
169,6
195,6
224,6
252,6
280,1
334,6
364,6
391,6
420,1
448,1
476,1
504,1
505,1
532,1
532,1
531,1
531,1
531,1
531,1
532,1
532,2
532,2
532,4
505,5
532,3
