659,7
661,1
666,1
675,1
685,1
699,7
711,3
718,3
721,3
725,3
732,3
727,3
717,3
713,3
709,3
697,3
685,3
679,3
675,3
666,5
654,5
648,3
647,3
644,5
635,0
622,5
615,3
614,3
611,0
598,0
581,0
572,0
567,2
569,0
557,0
529,0
506,0
493,5
484,0
472,4
451,4
434,4
418,0
397,4
379,2
367,4
351,4
329,4
307,2
293,2
289,2
285,2
282,2
292,6
307,2
320,2
330,2
335,2
329,4
309,4
293,2
291,2
279,0
251,0
226,0
205,0
195,5
188,3
182,5
166,5
148,3
135,3
127,5
109,5
83,5
66,3
61,3
59,3
62,3
76,7
102,7
121,3
124,3
123,3
125,3
125,3
118,3
119,7
131,3
140,7
150,7
154,2
155,4
153,0
152,7
154,3
157,5
155,0
153,1
154,2
156,2
155,2
153,2
