547,0,1.0
546,0,0.5
548,0,0.5
519,0,0.5
575,0,0.5
518,0,0.25
520,0,0.25
574,0,0.25
576,0,0.25
516,0,1.0
515,0,0.5
517,0,0.5
488,0,0.5
544,0,0.5
487,0,0.25
489,0,0.25
543,0,0.25
545,0,0.25
376,0,1.0
375,0,0.5
377,0,0.5
348,0,0.5
404,0,0.5
347,0,0.25
349,0,0.25
403,0,0.25
405,0,0.25
318,0,1.0
317,0,0.5
319,0,0.5
290,0,0.5
346,0,0.5
289,0,0.25
291,0,0.25
345,0,0.25
347,0,0.25
259,0,1.0
258,0,0.5
260,0,0.5
231,0,0.5
287,0,0.5
230,0,0.25
232,0,0.25
286,0,0.25
288,0,0.25
312,0,1.0
311,0,0.5
313,0,0.5
284,0,0.5
340,0,0.5
283,0,0.25
285,0,0.25
339,0,0.25
341,0,0.25
315,0,1.0
314,0,0.5
316,0,0.5
287,0,0.5
343,0,0.5
286,0,0.25
288,0,0.25
342,0,0.25
344,0,0.25
322,0,1.0
321,0,0.5
323,0,0.5
294,0,0.5
350,0,0.5
293,0,0.25
295,0,0.25
349,0,0.25
351,0,0.25
126,0,1.0
125,0,0.5
127,0,0.5
98,0,0.5
154,0,0.5
97,0,0.25
99,0,0.25
153,0,0.25
155,0,0.25
370,0,1.0
369,0,0.5
371,0,0.5
342,0,0.5
398,0,0.5
341,0,0.25
343,0,0.25
397,0,0.25
399,0,0.25
356,0,1.0
355,0,0.5
357,0,0.5
328,0,0.5
384,0,0.5
327,0,0.25
329,0,0.25
383,0,0.25
385,0,0.25
134,0,1.0
133,0,0.5
135,0,0.5
106,0,0.5
162,0,0.5
105,0,0.25
107,0,0.25
161,0,0.25
163,0,0.25
288,1,1.0
287,1,0.5
289,1,0.5
260,1,0.5
316,1,0.5
259,1,0.25
261,1,0.25
315,1,0.25
317,1,0.25
468,1,1.0
467,1,0.5
469,1,0.5
440,1,0.5
496,1,0.5
439,1,0.25
441,1,0.25
495,1,0.25
497,1,0.25
402,1,1.0
401,1,0.5
403,1,0.5
374,1,0.5
430,1,0.5
373,1,0.25
375,1,0.25
429,1,0.25
431,1,0.25
210,1,1.0
209,1,0.5
211,1,0.5
182,1,0.5
238,1,0.5
181,1,0.25
183,1,0.25
237,1,0.25
239,1,0.25
315,1,1.0
314,1,0.5
316,1,0.5
287,1,0.5
343,1,0.5
286,1,0.25
288,1,0.25
342,1,0.25
344,1,0.25
482,1,1.0
481,1,0.5
483,1,0.5
454,1,0.5
510,1,0.5
453,1,0.25
455,1,0.25
509,1,0.25
511,1,0.25
161,1,1.0
160,1,0.5
162,1,0.5
133,1,0.5
189,1,0.5
132,1,0.25
134,1,0.25
188,1,0.25
190,1,0.25
445,1,1.0
444,1,0.5
446,1,0.5
417,1,0.5
473,1,0.5
416,1,0.25
418,1,0.25
472,1,0.25
474,1,0.25
81,1,1.0
80,1,0.5
82,1,0.5
53,1,0.5
109,1,0.5
52,1,0.25
54,1,0.25
108,1,0.25
110,1,0.25
272,1,1.0
271,1,0.5
273,1,0.5
244,1,0.5
300,1,0.5
243,1,0.25
245,1,0.25
299,1,0.25
301,1,0.25
153,1,1.0
152,1,0.5
154,1,0.5
125,1,0.5
181,1,0.5
124,1,0.25
126,1,0.25
180,1,0.25
182,1,0.25
263,1,1.0
262,1,0.5
264,1,0.5
235,1,0.5
291,1,0.5
234,1,0.25
236,1,0.25
290,1,0.25
292,1,0.25
532,2,0.1
449,2,0.2
395,2,0.3
340,2,0.4
258,2,0.5
175,2,0.6
121,2,0.7
95,2,0.8
70,2,0.9
100,2,1.0
184,2,1.1
268,2,1.2
350,2,1.3
435,2,1.4
519,2,1.5
522,2,1.6
440,2,1.7
385,2,1.8
274,2,1.9
191,2,2.0
107,2,2.1
53,2,2.2
