81,6
81,2
81,2
81,2
81,4
81,2
81,4
81,4
81,5
81,7
81,7
81,1
81,6
81,6
81,6
81,1
81,7
109,7
110,7
138,7
139,1
167,1
195,1
222,6
251,6
250,6
277,6
305,6
332,6
359,6
387,1
414,6
442,6
470,6
497,6
524,6
524,2
523,2
522,2
521,2
519,4
491,4
490,4
461,4
432,0
403,0
376,0
347,0
320,0
292,5
265,0
237,0
182,0
154,0
126,0
98,0
69,4
40,4
11,4
11,2
-16,2
-18,2
-19,2
-20,6
5,6
4,6
31,6
59,6
87,6
86,6
113,6
141,1
168,1
195,1
195,1
224,1
252,1
280,1
308,1
364,1
391,1
421,1
449,1
477,1
505,1
505,1
532,1
532,1
532,7
532,7
532,7
532,7
532,5
532,0
532,2
532,5
532,5
532,3
