691,7
697,3
700,3
698,3
700,3
707,3
712,3
708,3
704,3
705,3
702,3
694,3
689,3
689,3
687,3
678,5
669,3
672,7
684,7
687,0
675,0
657,0
637,5
617,5
598,0
571,0
543,0
519,5
497,0
477,4
460,0
440,0
416,0
390,4
367,4
350,2
342,2
337,2
328,2
324,2
316,4
302,2
294,2
294,2
293,2
290,2
291,2
301,6
314,2
318,2
314,2
311,2
311,2
303,4
287,4
271,4
255,4
238,0
223,5
208,5
192,5
170,5
154,3
146,3
140,3
132,3
125,3
126,3
124,5
108,5
78,5
59,3
52,3
47,3
45,3
54,7
75,7
96,3
107,3
113,3
121,3
123,3
113,5
95,3
92,3
102,3
115,3
120,3
124,7
128,3
129,5
129,3
129,1
131,1
133,7
135,7
137,7
140,1
143,1
148,1
154,7
