684,3
683,3
682,3
683,1
686,1
690,6
693,0
691,0
686,5
682,5
677,3
680,3
689,3
694,3
692,3
692,3
693,3
696,3
695,3
695,3
700,3
702,3
699,3
695,3
693,3
688,3
677,5
664,3
653,5
639,5
620,5
594,5
569,5
545,0
522,4
497,4
472,4
444,4
426,2
415,2
404,2
390,2
380,2
374,2
369,2
363,2
362,2
367,2
368,2
362,2
356,2
351,2
344,2
329,2
314,2
299,4
285,4
262,4
236,4
210,0
185,5
169,5
159,5
148,5
135,3
125,3
123,3
124,3
121,3
117,3
122,3
129,3
129,3
130,3
136,3
141,3
139,3
135,3
137,3
140,3
137,3
135,3
143,3
151,3
153,3
154,6
159,6
165,6
167,7
169,6
172,6
173,6
175,7
175,3
175,3
175,0
