82,3
82,5
82,0
82,1
82,6
82,6
82,6
82,6
82,2
82,1
82,1
82,6
82,2
82,2
81,2
81,2
81,6
81,1
81,1
109,1
109,1
137,1
137,6
164,6
192,1
218,1
247,1
275,1
303,1
331,1
358,1
387,6
413,6
413,6
412,2
441,2
440,6
439,6
467,6
495,6
494,6
521,6
521,6
547,2
547,4
519,4
518,4
518,4
490,0
490,0
462,0
462,0
434,4
434,4
404,0
404,0
377,4
377,4
376,4
347,4
347,4
319,4
319,4
290,0
290,0
262,0
235,0
206,5
206,5
180,5
181,5
153,0
125,0
97,0
70,4
40,4
40,4
11,4
8,2
7,2
5,2
32,2
60,6
87,6
87,6
142,6
169,6
196,6
225,6
253,6
308,1
335,1
364,1
391,1
420,1
448,1
477,1
505,1
532,1
532,1
532,1
532,1
532,1
532,6
532,6
532,6
532,6
532,7
532,1
532,6
532,4
