532,3
533,7
533,7
533,3
533,3
534,3
535,3
536,3
537,3
538,3
539,3
540,3
541,3
543,3
544,3
574,3
576,3
577,3
578,3
579,3
580,3
581,3
553,3
554,3
555,3
556,5
530,5
530,5
502,0
502,4
502,2
474,2
473,4
473,4
473,2
472,2
472,2
471,4
471,4
470,4
442,2
441,2
440,2
440,4
410,4
410,2
409,2
409,2
408,2
407,2
406,2
434,2
433,2
403,2
402,2
402,4
374,4
373,4
344,4
316,4
288,4
288,0
259,4
231,4
201,4
201,4
173,4
173,4
144,4
144,0
116,5
116,5
88,5
89,5
61,5
62,3
34,3
35,3
36,3
37,3
10,3
11,3
12,3
20,3
22,3
23,3
52,3
52,3
53,3
82,3
82,3
82,3
81,7
81,7
81,7
81,1
81,6
82,2
81,2
81,3
