689,5
686,5
678,5
672,3
675,7
685,3
691,3
690,3
690,3
692,3
695,3
692,3
687,3
685,3
685,3
685,3
683,3
683,3
688,3
685,3
675,3
666,3
658,3
647,5
628,5
611,5
596,5
580,0
559,0
535,0
511,0
486,4
467,4
452,4
437,4
422,2
414,2
412,2
406,2
396,2
390,2
384,2
373,2
359,2
351,2
346,2
336,2
323,2
311,2
303,4
287,4
266,4
241,4
216,0
196,5
182,5
170,5
160,5
146,3
136,3
136,3
136,3
133,3
129,3
130,3
134,3
134,3
130,3
132,3
137,3
137,3
135,3
137,3
142,3
142,3
138,3
138,3
143,3
146,3
149,7
154,6
163,6
168,2
168,7
170,3
172,3
172,7
174,1
176,6
177,2
177,4
