174,1
174,1
175,1
175,5
175,1
175,3
175,1
178,7
184,1
195,6
212,6
233,1
258,1
289,1
319,1
349,1
381,1
417,6
439,6
452,6
468,6
491,1
524,1
561,1
598,1
631,1
661,6
680,2
685,2
683,2
680,2
676,4
665,4
649,0
627,0
603,0
573,0
540,0
505,0
476,4
445,4
415,0
381,4
346,4
314,4
282,4
251,0
218,4
200,4
188,2
178,2
168,2
163,6
175,6
194,6
213,6
231,6
259,1
289,1
326,1
358,1
390,1
421,1
453,6
478,6
502,6
528,6
564,6
592,6
616,6
640,1
661,1
674,6
681,1
682,5
677,3
677,6
678,1
681,7
681,5
679,5
676,1
680,1
682,5
