663,5
663,7
664,3
667,3
669,1
673,2
674,5
671,5
666,5
661,5
658,3
657,5
648,5
633,3
634,7
650,7
668,3
677,3
683,3
692,3
704,3
708,3
709,3
711,3
715,3
710,5
695,3
684,3
684,3
690,3
693,3
692,3
692,3
693,5
684,5
663,5
644,5
628,0
614,4
593,4
584,4
578,4
565,4
549,2
545,2
546,2
544,2
539,2
543,6
557,2
566,2
572,2
580,6
593,2
597,2
585,4
567,2
556,2
548,2
536,4
519,4
504,4
488,4
472,4
453,0
428,0
403,0
376,0
352,0
330,0
305,0
291,2
291,2
294,2
291,4
275,4
255,4
235,4
215,0
195,5
177,5
155,5
135,3
127,3
129,3
127,3
120,3
112,3
112,3
111,3
109,3
109,3
116,3
123,3
124,3
126,3
133,3
137,3
134,3
132,3
137,3
140,7
140,5
140,3
140,5
139,5
138,1
138,6
139,7
139,3
139,3
139,0
