138,0
137,3
137,1
142,1
153,1
160,7
163,3
162,3
163,1
166,6
170,2
171,6
174,1
177,6
179,1
180,6
181,7
181,3
182,3
183,7
185,1
189,6
198,6
211,6
229,1
256,1
287,1
317,1
351,1
383,1
416,1
442,1
467,1
490,1
513,1
534,6
544,2
546,2
546,2
551,6
563,6
572,2
578,2
583,6
595,6
613,6
629,2
632,2
626,2
617,2
613,2
614,2
616,2
615,2
608,2
606,2
608,2
606,4
600,4
590,0
574,0
553,0
524,0
498,0
474,0
449,0
426,5
414,3
408,3
401,5
384,5
362,5
345,5
328,5
309,5
288,0
266,0
243,0
219,0
202,4
184,4
163,4
142,4
122,2
116,2
121,2
124,2
125,2
131,6
151,6
176,6
199,6
225,6
252,6
285,6
313,6
338,6
362,6
394,6
426,6
454,6
482,1
508,1
541,1
572,1
604,1
633,1
658,1
676,1
690,1
695,5
693,0
690,7
690,3
690,0
689,0
688,7
688,7
688,7
690,3
