513,0,1.0
485,0,0.5
541,0,0.5
512,0,0.5
484,0,0.25
540,0,0.25
514,0,0.5
486,0,0.25
542,0,0.25
238,0,1.0
210,0,0.5
266,0,0.5
237,0,0.5
209,0,0.25
265,0,0.25
239,0,0.5
211,0,0.25
267,0,0.25
277,0,1.0
249,0,0.5
305,0,0.5
276,0,0.5
248,0,0.25
304,0,0.25
278,0,0.5
250,0,0.25
306,0,0.25
209,0,1.0
181,0,0.5
237,0,0.5
208,0,0.5
180,0,0.25
236,0,0.25
210,0,0.5
182,0,0.25
238,0,0.25
397,0,1.0
369,0,0.5
425,0,0.5
396,0,0.5
368,0,0.25
424,0,0.25
398,0,0.5
370,0,0.25
426,0,0.25
132,0,1.0
104,0,0.5
160,0,0.5
131,0,0.5
103,0,0.25
159,0,0.25
133,0,0.5
105,0,0.25
161,0,0.25
199,0,1.0
171,0,0.5
227,0,0.5
198,0,0.5
170,0,0.25
226,0,0.25
200,0,0.5
172,0,0.25
228,0,0.25
66,0,1.0
38,0,0.5
94,0,0.5
65,0,0.5
37,0,0.25
93,0,0.25
67,0,0.5
39,0,0.25
95,0,0.25
48,0,1.0
20,0,0.5
76,0,0.5
47,0,0.5
19,0,0.25
75,0,0.25
49,0,0.5
21,0,0.25
77,0,0.25
69,0,1.0
41,0,0.5
97,0,0.5
68,0,0.5
40,0,0.25
96,0,0.25
70,0,0.5
42,0,0.25
98,0,0.25
171,0,1.0
143,0,0.5
199,0,0.5
170,0,0.5
142,0,0.25
198,0,0.25
172,0,0.5
144,0,0.25
200,0,0.25
269,0,1.0
241,0,0.5
297,0,0.5
268,0,0.5
240,0,0.25
296,0,0.25
270,0,0.5
242,0,0.25
298,0,0.25
165,1,1.0
137,1,0.25
193,1,0.25
164,1,0.25
136,1,0.05
192,1,0.05
166,1,0.25
138,1,0.05
194,1,0.05
523,1,1.0
495,1,0.25
551,1,0.25
522,1,0.25
494,1,0.05
550,1,0.05
524,1,0.25
496,1,0.05
552,1,0.05
172,1,1.0
144,1,0.25
200,1,0.25
171,1,0.25
143,1,0.05
199,1,0.05
173,1,0.25
145,1,0.05
201,1,0.05
269,1,1.0
241,1,0.25
297,1,0.25
268,1,0.25
240,1,0.05
296,1,0.05
270,1,0.25
242,1,0.05
298,1,0.05
296,1,1.0
268,1,0.25
324,1,0.25
295,1,0.25
267,1,0.05
323,1,0.05
297,1,0.25
269,1,0.05
325,1,0.05
131,1,1.0
103,1,0.25
159,1,0.25
130,1,0.25
102,1,0.05
158,1,0.05
132,1,0.25
104,1,0.05
160,1,0.05
354,1,1.0
326,1,0.25
382,1,0.25
353,1,0.25
325,1,0.05
381,1,0.05
355,1,0.25
327,1,0.05
383,1,0.05
87,1,1.0
59,1,0.25
115,1,0.25
86,1,0.25
58,1,0.05
114,1,0.05
88,1,0.25
60,1,0.05
116,1,0.05
298,1,1.0
270,1,0.25
326,1,0.25
297,1,0.25
269,1,0.05
325,1,0.05
299,1,0.25
271,1,0.05
327,1,0.05
128,1,1.0
100,1,0.25
156,1,0.25
127,1,0.25
99,1,0.05
155,1,0.05
129,1,0.25
101,1,0.05
157,1,0.05
130,1,1.0
102,1,0.25
158,1,0.25
129,1,0.25
101,1,0.05
157,1,0.05
131,1,0.25
103,1,0.05
159,1,0.05
378,1,1.0
350,1,0.25
406,1,0.25
377,1,0.25
349,1,0.05
405,1,0.05
379,1,0.25
351,1,0.05
407,1,0.05
532,2,0.1
450,2,0.2
368,2,0.3
285,2,0.4
231,2,0.5
147,2,0.6
93,2,0.7
96,2,0.8
181,2,0.9
238,2,1.0
296,2,1.1
381,2,1.2
465,2,1.3
548,2,1.4
579,2,1.5
552,2,1.6
499,2,1.7
414,2,1.8
332,2,1.9
249,2,2.0
166,2,2.1
82,2,2.2
