514,0,1.0
486,0,1.0
542,0,1.0
513,0,1.0
485,0,1.0
541,0,1.0
515,0,1.0
487,0,1.0
543,0,1.0
296,0,1.0
268,0,1.0
324,0,1.0
295,0,1.0
267,0,1.0
323,0,1.0
297,0,1.0
269,0,1.0
325,0,1.0
430,0,1.0
402,0,1.0
458,0,1.0
429,0,1.0
401,0,1.0
457,0,1.0
431,0,1.0
403,0,1.0
459,0,1.0
62,0,1.0
34,0,1.0
90,0,1.0
61,0,1.0
33,0,1.0
89,0,1.0
63,0,1.0
35,0,1.0
91,0,1.0
114,0,1.0
86,0,1.0
142,0,1.0
113,0,1.0
85,0,1.0
141,0,1.0
115,0,1.0
87,0,1.0
143,0,1.0
356,0,1.0
328,0,1.0
384,0,1.0
355,0,1.0
327,0,1.0
383,0,1.0
357,0,1.0
329,0,1.0
385,0,1.0
145,0,1.0
117,0,1.0
173,0,1.0
144,0,1.0
116,0,1.0
172,0,1.0
146,0,1.0
118,0,1.0
174,0,1.0
93,0,1.0
65,0,1.0
121,0,1.0
92,0,1.0
64,0,1.0
120,0,1.0
94,0,1.0
66,0,1.0
122,0,1.0
314,0,1.0
286,0,1.0
342,0,1.0
313,0,1.0
285,0,1.0
341,0,1.0
315,0,1.0
287,0,1.0
343,0,1.0
318,0,1.0
290,0,1.0
346,0,1.0
317,0,1.0
289,0,1.0
345,0,1.0
319,0,1.0
291,0,1.0
347,0,1.0
123,0,1.0
95,0,1.0
151,0,1.0
122,0,1.0
94,0,1.0
150,0,1.0
124,0,1.0
96,0,1.0
152,0,1.0
315,1,1.0
287,1,1.0
343,1,1.0
314,1,1.0
286,1,1.0
342,1,1.0
316,1,1.0
288,1,1.0
344,1,1.0
78,1,1.0
50,1,1.0
106,1,1.0
77,1,1.0
49,1,1.0
105,1,1.0
79,1,1.0
51,1,1.0
107,1,1.0
282,1,1.0
254,1,1.0
310,1,1.0
281,1,1.0
253,1,1.0
309,1,1.0
283,1,1.0
255,1,1.0
311,1,1.0
165,1,1.0
137,1,1.0
193,1,1.0
164,1,1.0
136,1,1.0
192,1,1.0
166,1,1.0
138,1,1.0
194,1,1.0
15,1,1.0
43,1,1.0
14,1,1.0
42,1,1.0
16,1,1.0
44,1,1.0
318,1,1.0
290,1,1.0
346,1,1.0
317,1,1.0
289,1,1.0
345,1,1.0
319,1,1.0
291,1,1.0
347,1,1.0
380,1,1.0
352,1,1.0
408,1,1.0
379,1,1.0
351,1,1.0
407,1,1.0
381,1,1.0
353,1,1.0
409,1,1.0
457,1,1.0
429,1,1.0
485,1,1.0
456,1,1.0
428,1,1.0
484,1,1.0
458,1,1.0
430,1,1.0
486,1,1.0
411,1,1.0
383,1,1.0
439,1,1.0
410,1,1.0
382,1,1.0
438,1,1.0
412,1,1.0
384,1,1.0
440,1,1.0
376,1,1.0
348,1,1.0
404,1,1.0
375,1,1.0
347,1,1.0
403,1,1.0
377,1,1.0
349,1,1.0
405,1,1.0
428,1,1.0
400,1,1.0
456,1,1.0
427,1,1.0
399,1,1.0
455,1,1.0
429,1,1.0
401,1,1.0
457,1,1.0
313,1,1.0
285,1,1.0
341,1,1.0
312,1,1.0
284,1,1.0
340,1,1.0
314,1,1.0
286,1,1.0
342,1,1.0
532,2,0.1
504,2,0.05
560,20.05
533,20.05
505,20.05
561,20.05
450,2,0.2
422,2,0.1
478,20.1
449,20.1
421,20.1
477,20.1
451,20.1
423,20.1
479,20.1
368,2,0.3
340,2,0.15
396,20.15
367,20.15
339,20.15
395,20.15
369,20.15
341,20.15
397,20.15
285,2,0.4
257,2,0.2
313,20.2
284,20.2
256,20.2
312,20.2
286,20.2
258,20.2
314,20.2
231,2,0.5
203,2,0.25
259,20.25
230,20.25
202,20.25
258,20.25
232,20.25
204,20.25
260,20.25
147,2,0.6
119,2,0.3
175,20.3
146,20.3
118,20.3
174,20.3
148,20.3
120,20.3
176,20.3
93,2,0.7
65,2,0.35
121,20.35
92,20.35
64,20.35
120,20.35
94,20.35
66,20.35
122,20.35
96,2,0.8
68,2,0.4
124,20.4
95,20.4
67,20.4
123,20.4
97,20.4
69,20.4
125,20.4
181,2,0.9
153,2,0.45
209,20.45
180,20.45
152,20.45
208,20.45
182,20.45
154,20.45
210,20.45
238,2,1.0
210,2,0.5
266,20.5
237,20.5
209,20.5
265,20.5
239,20.5
211,20.5
267,20.5
296,2,1.1
268,2,0.55
324,20.55
295,20.55
267,20.55
323,20.55
297,20.55
269,20.55
325,20.55
381,2,1.2
353,2,0.6
409,20.6
380,20.6
352,20.6
408,20.6
382,20.6
354,20.6
410,20.6
465,2,1.3
437,2,0.65
493,20.65
464,20.65
436,20.65
492,20.65
466,20.65
438,20.65
494,20.65
548,2,1.4
520,2,0.7
576,20.7
547,20.7
519,20.7
575,20.7
549,20.7
521,20.7
577,20.7
579,2,1.5
551,2,0.75
607,20.75
578,20.75
550,20.75
606,20.75
580,20.75
552,20.75
608,20.75
552,2,1.6
524,2,0.8
580,20.8
551,20.8
523,20.8
579,20.8
553,20.8
525,20.8
581,20.8
499,2,1.7
471,2,0.85
527,20.85
498,20.85
470,20.85
526,20.85
500,20.85
472,20.85
528,20.85
414,2,1.8
386,2,0.9
442,20.9
413,20.9
385,20.9
441,20.9
415,20.9
387,20.9
443,20.9
332,2,1.9
304,2,0.95
360,20.95
331,20.95
303,20.95
359,20.95
333,20.95
305,20.95
361,20.95
249,2,2.0
221,2,1.0
277,21.0
248,21.0
220,21.0
276,21.0
250,21.0
222,21.0
278,21.0
166,2,2.1
138,2,1.05
194,21.05
165,21.05
137,21.05
193,21.05
167,21.05
139,21.05
195,21.05
82,2,2.2
54,2,1.1
110,21.1
81,21.1
53,21.1
109,21.1
83,21.1
55,21.1
111,21.1
