133,0,1.0
105,0,0.5
161,0,0.5
132,0,0.5
104,0,0.25
160,0,0.25
134,0,0.5
106,0,0.25
162,0,0.25
469,0,1.0
441,0,0.5
497,0,0.5
468,0,0.5
440,0,0.25
496,0,0.25
470,0,0.5
442,0,0.25
498,0,0.25
511,0,1.0
483,0,0.5
539,0,0.5
510,0,0.5
482,0,0.25
538,0,0.25
512,0,0.5
484,0,0.25
540,0,0.25
58,0,1.0
30,0,0.5
86,0,0.5
57,0,0.5
29,0,0.25
85,0,0.25
59,0,0.5
31,0,0.25
87,0,0.25
33,0,1.0
5,0,0.5
61,0,0.5
32,0,0.5
4,0,0.25
60,0,0.25
34,0,0.5
6,0,0.25
62,0,0.25
289,0,1.0
261,0,0.5
317,0,0.5
288,0,0.5
260,0,0.25
316,0,0.25
290,0,0.5
262,0,0.25
318,0,0.25
442,0,1.0
414,0,0.5
470,0,0.5
441,0,0.5
413,0,0.25
469,0,0.25
443,0,0.5
415,0,0.25
471,0,0.25
231,0,1.0
203,0,0.5
259,0,0.5
230,0,0.5
202,0,0.25
258,0,0.25
232,0,0.5
204,0,0.25
260,0,0.25
244,0,1.0
216,0,0.5
272,0,0.5
243,0,0.5
215,0,0.25
271,0,0.25
245,0,0.5
217,0,0.25
273,0,0.25
389,0,1.0
361,0,0.5
417,0,0.5
388,0,0.5
360,0,0.25
416,0,0.25
390,0,0.5
362,0,0.25
418,0,0.25
76,0,1.0
48,0,0.5
104,0,0.5
75,0,0.5
47,0,0.25
103,0,0.25
77,0,0.5
49,0,0.25
105,0,0.25
161,0,1.0
133,0,0.5
189,0,0.5
160,0,0.5
132,0,0.25
188,0,0.25
162,0,0.5
134,0,0.25
190,0,0.25
471,1,1.0
443,1,0.25
499,1,0.25
470,1,0.25
442,1,0.05
498,1,0.05
472,1,0.25
444,1,0.05
500,1,0.05
547,1,1.0
519,1,0.25
575,1,0.25
546,1,0.25
518,1,0.05
574,1,0.05
548,1,0.25
520,1,0.05
576,1,0.05
1,1,1.0
-27,1,0.25
29,1,0.25
0,1,0.25
-28,1,0.05
28,1,0.05
2,1,0.25
-26,1,0.05
30,1,0.05
179,1,1.0
151,1,0.25
207,1,0.25
178,1,0.25
150,1,0.05
206,1,0.05
180,1,0.25
152,1,0.05
208,1,0.05
350,1,1.0
322,1,0.25
378,1,0.25
349,1,0.25
321,1,0.05
377,1,0.05
351,1,0.25
323,1,0.05
379,1,0.05
324,1,1.0
296,1,0.25
352,1,0.25
323,1,0.25
295,1,0.05
351,1,0.05
325,1,0.25
297,1,0.05
353,1,0.05
217,1,1.0
189,1,0.25
245,1,0.25
216,1,0.25
188,1,0.05
244,1,0.05
218,1,0.25
190,1,0.05
246,1,0.05
519,1,1.0
491,1,0.25
547,1,0.25
518,1,0.25
490,1,0.05
546,1,0.05
520,1,0.25
492,1,0.05
548,1,0.05
62,1,1.0
34,1,0.25
90,1,0.25
61,1,0.25
33,1,0.05
89,1,0.05
63,1,0.25
35,1,0.05
91,1,0.05
34,1,1.0
6,1,0.25
62,1,0.25
33,1,0.25
5,1,0.05
61,1,0.05
35,1,0.25
7,1,0.05
63,1,0.05
47,1,1.0
19,1,0.25
75,1,0.25
46,1,0.25
18,1,0.05
74,1,0.05
48,1,0.25
20,1,0.05
76,1,0.05
551,1,1.0
523,1,0.25
579,1,0.25
550,1,0.25
522,1,0.05
578,1,0.05
552,1,0.25
524,1,0.05
580,1,0.05
532,2,0.1
450,2,0.2
367,2,0.3
256,2,0.4
172,2,0.5
118,2,0.6
91,2,0.7
37,2,0.8
40,2,0.9
72,2,1.0
156,2,1.1
182,2,1.2
264,2,1.3
318,2,1.4
401,2,1.5
460,2,1.6
545,2,1.7
548,2,1.8
551,2,1.9
525,2,2.0
471,2,2.1
387,2,2.2
304,2,2.3
219,2,2.4
137,2,2.5
53,2,2.6
