598,5
592,3
589,3
592,3
602,3
615,3
628,3
645,3
661,3
670,3
682,7
699,3
701,3
692,3
686,3
676,5
655,5
633,3
627,7
638,3
637,5
626,5
608,5
599,3
596,3
591,5
577,5
557,5
538,5
519,0
501,4
484,0
461,0
429,4
403,4
382,4
362,4
345,2
339,2
345,2
348,2
352,2
363,2
379,2
396,2
409,2
421,2
425,2
426,2
424,2
417,4
393,4
369,4
338,0
304,0
262,0
222,5
179,5
152,3
139,3
131,3
128,3
129,3
134,3
137,3
140,3
152,7
173,7
192,3
207,3
210,3
216,3
221,3
220,3
214,3
203,5
183,5
162,3
160,3
163,7
165,4
163,4
154,4
138,0
120,0
114,6
123,1
133,7
141,1
147,6
150,6
151,7
151,0
151,4
150,2
