436,0,1.0
408,0,0.5
464,0,0.5
435,0,0.5
407,0,0.25
463,0,0.25
437,0,0.5
409,0,0.25
465,0,0.25
220,0,1.0
192,0,0.5
248,0,0.5
219,0,0.5
191,0,0.25
247,0,0.25
221,0,0.5
193,0,0.25
249,0,0.25
137,0,1.0
109,0,0.5
165,0,0.5
136,0,0.5
108,0,0.25
164,0,0.25
138,0,0.5
110,0,0.25
166,0,0.25
523,0,1.0
495,0,0.5
551,0,0.5
522,0,0.5
494,0,0.25
550,0,0.25
524,0,0.5
496,0,0.25
552,0,0.25
71,0,1.0
43,0,0.5
99,0,0.5
70,0,0.5
42,0,0.25
98,0,0.25
72,0,0.5
44,0,0.25
100,0,0.25
58,0,1.0
30,0,0.5
86,0,0.5
57,0,0.5
29,0,0.25
85,0,0.25
59,0,0.5
31,0,0.25
87,0,0.25
507,0,1.0
479,0,0.5
535,0,0.5
506,0,0.5
478,0,0.25
534,0,0.25
508,0,0.5
480,0,0.25
536,0,0.25
99,0,1.0
71,0,0.5
127,0,0.5
98,0,0.5
70,0,0.25
126,0,0.25
100,0,0.5
72,0,0.25
128,0,0.25
180,0,1.0
152,0,0.5
208,0,0.5
179,0,0.5
151,0,0.25
207,0,0.25
181,0,0.5
153,0,0.25
209,0,0.25
361,0,1.0
333,0,0.5
389,0,0.5
360,0,0.5
332,0,0.25
388,0,0.25
362,0,0.5
334,0,0.25
390,0,0.25
40,0,1.0
12,0,0.5
68,0,0.5
39,0,0.5
11,0,0.25
67,0,0.25
41,0,0.5
13,0,0.25
69,0,0.25
122,0,1.0
94,0,0.5
150,0,0.5
121,0,0.5
93,0,0.25
149,0,0.25
123,0,0.5
95,0,0.25
151,0,0.25
394,1,1.0
366,1,0.25
422,1,0.25
393,1,0.25
365,1,0.05
421,1,0.05
395,1,0.25
367,1,0.05
423,1,0.05
163,1,1.0
135,1,0.25
191,1,0.25
162,1,0.25
134,1,0.05
190,1,0.05
164,1,0.25
136,1,0.05
192,1,0.05
258,1,1.0
230,1,0.25
286,1,0.25
257,1,0.25
229,1,0.05
285,1,0.05
259,1,0.25
231,1,0.05
287,1,0.05
466,1,1.0
438,1,0.25
494,1,0.25
465,1,0.25
437,1,0.05
493,1,0.05
467,1,0.25
439,1,0.05
495,1,0.05
485,1,1.0
457,1,0.25
513,1,0.25
484,1,0.25
456,1,0.05
512,1,0.05
486,1,0.25
458,1,0.05
514,1,0.05
295,1,1.0
267,1,0.25
323,1,0.25
294,1,0.25
266,1,0.05
322,1,0.05
296,1,0.25
268,1,0.05
324,1,0.05
153,1,1.0
125,1,0.25
181,1,0.25
152,1,0.25
124,1,0.05
180,1,0.05
154,1,0.25
126,1,0.05
182,1,0.05
109,1,1.0
81,1,0.25
137,1,0.25
108,1,0.25
80,1,0.05
136,1,0.05
110,1,0.25
82,1,0.05
138,1,0.05
94,1,1.0
66,1,0.25
122,1,0.25
93,1,0.25
65,1,0.05
121,1,0.05
95,1,0.25
67,1,0.05
123,1,0.05
105,1,1.0
77,1,0.25
133,1,0.25
104,1,0.25
76,1,0.05
132,1,0.05
106,1,0.25
78,1,0.05
134,1,0.05
66,1,1.0
38,1,0.25
94,1,0.25
65,1,0.25
37,1,0.05
93,1,0.05
67,1,0.25
39,1,0.05
95,1,0.05
543,1,1.0
515,1,0.25
571,1,0.25
542,1,0.25
514,1,0.05
570,1,0.05
544,1,0.25
516,1,0.05
572,1,0.05
534,2,0.1
537,2,0.2
540,2,0.3
516,2,0.4
519,2,0.5
494,2,0.6
469,2,0.7
472,2,0.8
388,2,0.9
275,2,1.0
272,2,1.1
213,2,1.2
183,2,1.3
180,2,1.4
204,2,1.5
258,2,1.6
255,2,1.7
252,2,1.8
168,2,1.9
85,2,2.0
31,2,2.1
6,2,2.2
9,2,2.3
13,2,2.4
17,2,2.5
20,2,2.6
22,2,2.7
25,2,2.8
