175,0
173,4
172,4
169,4
168,7
171,3
171,2
171,2
172,2
172,1
188,1
219,6
226,4
215,2
208,6
220,6
247,6
270,6
293,6
315,1
343,7
374,7
408,7
449,7
478,7
502,7
530,1
555,6
571,6
580,2
577,2
570,2
575,6
595,6
624,2
636,2
628,4
614,2
604,2
593,4
568,4
535,4
507,4
472,4
438,5
416,5
397,5
364,5
333,5
306,5
279,0
247,0
219,0
189,0
160,4
149,2
154,2
164,2
163,2
157,2
155,0
138,0
103,4
83,2
84,2
89,2
88,2
94,6
117,6
146,6
172,6
196,1
218,7
242,7
268,1
303,1
342,7
374,1
412,6
448,6
485,6
521,1
566,6
598,6
625,6
651,1
669,1
681,2
682,2
681,4
678,0
669,5
658,5
651,0
646,5
645,1
651,1
663,1
