36,0,1.0
8,0,1.0
64,0,1.0
35,0,1.0
7,0,1.0
63,0,1.0
37,0,1.0
9,0,1.0
65,0,1.0
466,0,1.0
438,0,1.0
494,0,1.0
465,0,1.0
437,0,1.0
493,0,1.0
467,0,1.0
439,0,1.0
495,0,1.0
434,0,1.0
406,0,1.0
462,0,1.0
433,0,1.0
405,0,1.0
461,0,1.0
435,0,1.0
407,0,1.0
463,0,1.0
479,0,1.0
451,0,1.0
507,0,1.0
478,0,1.0
450,0,1.0
506,0,1.0
480,0,1.0
452,0,1.0
508,0,1.0
207,0,1.0
179,0,1.0
235,0,1.0
206,0,1.0
178,0,1.0
234,0,1.0
208,0,1.0
180,0,1.0
236,0,1.0
241,0,1.0
213,0,1.0
269,0,1.0
240,0,1.0
212,0,1.0
268,0,1.0
242,0,1.0
214,0,1.0
270,0,1.0
150,0,1.0
122,0,1.0
178,0,1.0
149,0,1.0
121,0,1.0
177,0,1.0
151,0,1.0
123,0,1.0
179,0,1.0
172,0,1.0
144,0,1.0
200,0,1.0
171,0,1.0
143,0,1.0
199,0,1.0
173,0,1.0
145,0,1.0
201,0,1.0
523,0,1.0
495,0,1.0
551,0,1.0
522,0,1.0
494,0,1.0
550,0,1.0
524,0,1.0
496,0,1.0
552,0,1.0
177,0,1.0
149,0,1.0
205,0,1.0
176,0,1.0
148,0,1.0
204,0,1.0
178,0,1.0
150,0,1.0
206,0,1.0
212,0,1.0
184,0,1.0
240,0,1.0
211,0,1.0
183,0,1.0
239,0,1.0
213,0,1.0
185,0,1.0
241,0,1.0
88,1,1.0
60,1,1.0
116,1,1.0
87,1,1.0
59,1,1.0
115,1,1.0
89,1,1.0
61,1,1.0
117,1,1.0
175,1,1.0
147,1,1.0
203,1,1.0
174,1,1.0
146,1,1.0
202,1,1.0
176,1,1.0
148,1,1.0
204,1,1.0
495,1,1.0
467,1,1.0
523,1,1.0
494,1,1.0
466,1,1.0
522,1,1.0
496,1,1.0
468,1,1.0
524,1,1.0
384,1,1.0
356,1,1.0
412,1,1.0
383,1,1.0
355,1,1.0
411,1,1.0
385,1,1.0
357,1,1.0
413,1,1.0
322,1,1.0
294,1,1.0
350,1,1.0
321,1,1.0
293,1,1.0
349,1,1.0
323,1,1.0
295,1,1.0
351,1,1.0
467,1,1.0
439,1,1.0
495,1,1.0
466,1,1.0
438,1,1.0
494,1,1.0
468,1,1.0
440,1,1.0
496,1,1.0
320,1,1.0
292,1,1.0
348,1,1.0
319,1,1.0
291,1,1.0
347,1,1.0
321,1,1.0
293,1,1.0
349,1,1.0
428,1,1.0
400,1,1.0
456,1,1.0
427,1,1.0
399,1,1.0
455,1,1.0
429,1,1.0
401,1,1.0
457,1,1.0
456,1,1.0
428,1,1.0
484,1,1.0
455,1,1.0
427,1,1.0
483,1,1.0
457,1,1.0
429,1,1.0
485,1,1.0
197,1,1.0
169,1,1.0
225,1,1.0
196,1,1.0
168,1,1.0
224,1,1.0
198,1,1.0
170,1,1.0
226,1,1.0
320,1,1.0
292,1,1.0
348,1,1.0
319,1,1.0
291,1,1.0
347,1,1.0
321,1,1.0
293,1,1.0
349,1,1.0
407,1,1.0
379,1,1.0
435,1,1.0
406,1,1.0
378,1,1.0
434,1,1.0
408,1,1.0
380,1,1.0
436,1,1.0
534,2,0.1
506,2,0.05
562,20.05
533,20.05
505,20.05
561,20.05
535,20.05
507,20.05
563,20.05
537,2,0.2
509,2,0.1
565,20.1
536,20.1
508,20.1
564,20.1
538,20.1
510,20.1
566,20.1
540,2,0.3
512,2,0.15
568,20.15
539,20.15
511,20.15
567,20.15
541,20.15
513,20.15
569,20.15
543,2,0.4
515,2,0.2
571,20.2
542,20.2
514,20.2
570,20.2
544,20.2
516,20.2
572,20.2
546,2,0.5
518,2,0.25
574,20.25
545,20.25
517,20.25
573,20.25
547,20.25
519,20.25
575,20.25
549,2,0.6
521,2,0.3
577,20.3
548,20.3
520,20.3
576,20.3
550,20.3
522,20.3
578,20.3
552,2,0.7
524,2,0.35
580,20.35
551,20.35
523,20.35
579,20.35
553,20.35
525,20.35
581,20.35
555,2,0.8
527,2,0.4
583,20.4
554,20.4
526,20.4
582,20.4
556,20.4
528,20.4
584,20.4
503,2,0.9
475,2,0.45
531,20.45
502,20.45
474,20.45
530,20.45
418,2,1.0
390,2,0.5
446,20.5
417,20.5
389,20.5
445,20.5
419,20.5
391,20.5
447,20.5
415,2,1.1
387,2,0.55
443,20.55
414,20.55
386,20.55
442,20.55
416,20.55
388,20.55
444,20.55
412,2,1.2
384,2,0.6
440,20.6
411,20.6
383,20.6
439,20.6
413,20.6
385,20.6
441,20.6
438,2,1.3
410,2,0.65
466,20.65
437,20.65
409,20.65
465,20.65
439,20.65
411,20.65
467,20.65
435,2,1.4
407,2,0.7
463,20.7
434,20.7
406,20.7
462,20.7
436,20.7
408,20.7
464,20.7
432,2,1.5
404,2,0.75
460,20.75
431,20.75
403,20.75
459,20.75
433,20.75
405,20.75
461,20.75
400,2,1.6
372,2,0.8
428,20.8
399,20.8
371,20.8
427,20.8
401,20.8
373,20.8
429,20.8
371,2,1.7
343,2,0.85
399,20.85
370,20.85
342,20.85
398,20.85
372,20.85
344,20.85
400,20.85
259,2,1.8
231,2,0.9
287,20.9
258,20.9
230,20.9
286,20.9
260,20.9
232,20.9
288,20.9
202,2,1.9
174,2,0.95
230,20.95
201,20.95
173,20.95
229,20.95
203,20.95
175,20.95
231,20.95
172,2,2.0
144,2,1.0
200,21.0
171,21.0
143,21.0
199,21.0
173,21.0
145,21.0
201,21.0
88,2,2.1
60,2,1.05
116,21.05
87,21.05
59,21.05
115,21.05
89,21.05
61,21.05
117,21.05
34,2,2.2
6,2,1.1
62,21.1
33,21.1
5,21.1
61,21.1
35,21.1
7,21.1
63,21.1
9,2,2.3
37,21.15
8,21.15
36,21.15
10,21.15
38,21.15
13,2,2.4
41,21.2
12,21.2
40,21.2
14,21.2
42,21.2
17,2,2.5
45,21.25
16,21.25
44,21.25
18,21.25
46,21.25
20,2,2.6
48,21.3
19,21.3
47,21.3
21,21.3
49,21.3
22,2,2.7
50,21.35
21,21.35
49,21.35
23,21.35
51,21.35
25,2,2.8
53,21.4
24,21.4
52,21.4
26,21.4
54,21.4
