685,1
690,3
690,7
698,7
721,3
731,3
723,3
711,3
713,3
718,3
708,3
694,3
697,3
705,3
705,3
700,3
699,3
707,3
708,5
693,5
664,0
630,5
605,5
587,4
569,4
549,4
537,4
525,2
528,6
548,6
560,2
561,2
561,2
563,2
555,4
533,4
518,2
505,2
491,4
467,4
436,4
425,2
434,6
450,2
439,4
411,4
389,4
362,0
329,5
297,5
268,5
237,0
195,5
163,5
138,3
127,3
116,3
116,3
134,3
149,3
153,3
163,7
184,3
199,3
188,3
179,7
198,7
224,3
221,5
198,5
182,3
170,5
155,5
140,5
133,1
150,6
164,6
170,7
176,5
174,4
166,4
163,5
161,4
158,2
155,4
