663,1
676,7
685,3
685,3
678,3
682,3
693,3
691,3
683,3
691,3
712,3
715,3
708,3
712,3
723,3
720,5
699,5
678,5
663,0
634,0
589,0
557,5
534,0
519,2
512,2
501,4
483,0
454,0
423,4
408,2
402,2
391,2
380,2
387,6
416,6
445,6
462,2
479,6
499,2
505,4
486,4
454,4
430,2
414,4
396,4
357,4
316,0
274,0
231,5
198,0
158,5
138,5
119,3
110,3
121,3
128,3
130,3
145,7
177,7
198,3
195,3
186,3
183,3
177,5
157,5
135,3
132,3
147,3
160,3
157,3
148,3
145,3
147,3
145,3
143,3
142,6
145,6
152,2
156,6
159,7
163,7
165,7
166,5
164,4
159,0
157,3
