436,0,1.0
408,0,1.0
464,0,1.0
435,0,1.0
407,0,1.0
463,0,1.0
437,0,1.0
409,0,1.0
465,0,1.0
220,0,1.0
192,0,1.0
248,0,1.0
219,0,1.0
191,0,1.0
247,0,1.0
221,0,1.0
193,0,1.0
249,0,1.0
137,0,1.0
109,0,1.0
165,0,1.0
136,0,1.0
108,0,1.0
164,0,1.0
138,0,1.0
110,0,1.0
166,0,1.0
523,0,1.0
495,0,1.0
551,0,1.0
522,0,1.0
494,0,1.0
550,0,1.0
524,0,1.0
496,0,1.0
552,0,1.0
71,0,1.0
43,0,1.0
99,0,1.0
70,0,1.0
42,0,1.0
98,0,1.0
72,0,1.0
44,0,1.0
100,0,1.0
58,0,1.0
30,0,1.0
86,0,1.0
57,0,1.0
29,0,1.0
85,0,1.0
59,0,1.0
31,0,1.0
87,0,1.0
507,0,1.0
479,0,1.0
535,0,1.0
506,0,1.0
478,0,1.0
534,0,1.0
508,0,1.0
480,0,1.0
536,0,1.0
99,0,1.0
71,0,1.0
127,0,1.0
98,0,1.0
70,0,1.0
126,0,1.0
100,0,1.0
72,0,1.0
128,0,1.0
180,0,1.0
152,0,1.0
208,0,1.0
179,0,1.0
151,0,1.0
207,0,1.0
181,0,1.0
153,0,1.0
209,0,1.0
361,0,1.0
333,0,1.0
389,0,1.0
360,0,1.0
332,0,1.0
388,0,1.0
362,0,1.0
334,0,1.0
390,0,1.0
40,0,1.0
12,0,1.0
68,0,1.0
39,0,1.0
11,0,1.0
67,0,1.0
41,0,1.0
13,0,1.0
69,0,1.0
122,0,1.0
94,0,1.0
150,0,1.0
121,0,1.0
93,0,1.0
149,0,1.0
123,0,1.0
95,0,1.0
151,0,1.0
394,1,1.0
366,1,1.0
422,1,1.0
393,1,1.0
365,1,1.0
421,1,1.0
395,1,1.0
367,1,1.0
423,1,1.0
163,1,1.0
135,1,1.0
191,1,1.0
162,1,1.0
134,1,1.0
190,1,1.0
164,1,1.0
136,1,1.0
192,1,1.0
258,1,1.0
230,1,1.0
286,1,1.0
257,1,1.0
229,1,1.0
285,1,1.0
259,1,1.0
231,1,1.0
287,1,1.0
466,1,1.0
438,1,1.0
494,1,1.0
465,1,1.0
437,1,1.0
493,1,1.0
467,1,1.0
439,1,1.0
495,1,1.0
485,1,1.0
457,1,1.0
513,1,1.0
484,1,1.0
456,1,1.0
512,1,1.0
486,1,1.0
458,1,1.0
514,1,1.0
295,1,1.0
267,1,1.0
323,1,1.0
294,1,1.0
266,1,1.0
322,1,1.0
296,1,1.0
268,1,1.0
324,1,1.0
153,1,1.0
125,1,1.0
181,1,1.0
152,1,1.0
124,1,1.0
180,1,1.0
154,1,1.0
126,1,1.0
182,1,1.0
109,1,1.0
81,1,1.0
137,1,1.0
108,1,1.0
80,1,1.0
136,1,1.0
110,1,1.0
82,1,1.0
138,1,1.0
94,1,1.0
66,1,1.0
122,1,1.0
93,1,1.0
65,1,1.0
121,1,1.0
95,1,1.0
67,1,1.0
123,1,1.0
105,1,1.0
77,1,1.0
133,1,1.0
104,1,1.0
76,1,1.0
132,1,1.0
106,1,1.0
78,1,1.0
134,1,1.0
66,1,1.0
38,1,1.0
94,1,1.0
65,1,1.0
37,1,1.0
93,1,1.0
67,1,1.0
39,1,1.0
95,1,1.0
543,1,1.0
515,1,1.0
571,1,1.0
542,1,1.0
514,1,1.0
570,1,1.0
544,1,1.0
516,1,1.0
572,1,1.0
534,2,0.1
506,2,0.05
562,20.05
533,20.05
505,20.05
561,20.05
535,20.05
507,20.05
563,20.05
537,2,0.2
509,2,0.1
565,20.1
536,20.1
508,20.1
564,20.1
538,20.1
510,20.1
566,20.1
540,2,0.3
512,2,0.15
568,20.15
539,20.15
511,20.15
567,20.15
541,20.15
513,20.15
569,20.15
516,2,0.4
488,2,0.2
544,20.2
515,20.2
487,20.2
543,20.2
517,20.2
489,20.2
545,20.2
519,2,0.5
491,2,0.25
547,20.25
518,20.25
490,20.25
546,20.25
520,20.25
492,20.25
548,20.25
494,2,0.6
466,2,0.3
522,20.3
493,20.3
465,20.3
521,20.3
495,20.3
467,20.3
523,20.3
469,2,0.7
441,2,0.35
497,20.35
468,20.35
440,20.35
496,20.35
470,20.35
442,20.35
498,20.35
472,2,0.8
444,2,0.4
500,20.4
471,20.4
443,20.4
499,20.4
473,20.4
445,20.4
501,20.4
388,2,0.9
360,2,0.45
416,20.45
387,20.45
359,20.45
415,20.45
389,20.45
361,20.45
417,20.45
275,2,1.0
247,2,0.5
303,20.5
274,20.5
246,20.5
302,20.5
276,20.5
248,20.5
304,20.5
272,2,1.1
244,2,0.55
300,20.55
271,20.55
243,20.55
299,20.55
273,20.55
245,20.55
301,20.55
213,2,1.2
185,2,0.6
241,20.6
212,20.6
184,20.6
240,20.6
214,20.6
186,20.6
242,20.6
183,2,1.3
155,2,0.65
211,20.65
182,20.65
154,20.65
210,20.65
184,20.65
156,20.65
212,20.65
180,2,1.4
152,2,0.7
208,20.7
179,20.7
151,20.7
207,20.7
181,20.7
153,20.7
209,20.7
204,2,1.5
176,2,0.75
232,20.75
203,20.75
175,20.75
231,20.75
205,20.75
177,20.75
233,20.75
258,2,1.6
230,2,0.8
286,20.8
257,20.8
229,20.8
285,20.8
259,20.8
231,20.8
287,20.8
255,2,1.7
227,2,0.85
283,20.85
254,20.85
226,20.85
282,20.85
256,20.85
228,20.85
284,20.85
252,2,1.8
224,2,0.9
280,20.9
253,20.9
225,20.9
281,20.9
168,2,1.9
140,2,0.95
196,20.95
169,20.95
141,20.95
197,20.95
85,2,2.0
57,2,1.0
113,21.0
84,21.0
56,21.0
112,21.0
86,21.0
58,21.0
114,21.0
31,2,2.1
3,2,1.05
59,21.05
30,21.05
2,21.05
58,21.05
32,21.05
4,21.05
60,21.05
6,2,2.2
34,21.1
5,21.1
33,21.1
7,21.1
35,21.1
9,2,2.3
37,21.15
8,21.15
36,21.15
10,21.15
38,21.15
13,2,2.4
41,21.2
12,21.2
40,21.2
14,21.2
42,21.2
17,2,2.5
45,21.25
16,21.25
44,21.25
18,21.25
46,21.25
20,2,2.6
48,21.3
19,21.3
47,21.3
21,21.3
49,21.3
22,2,2.7
50,21.35
21,21.35
49,21.35
23,21.35
51,21.35
25,2,2.8
53,21.4
24,21.4
52,21.4
26,21.4
54,21.4
