674,3
674,6
676,4
675,0
669,0
660,0
654,0
650,0
649,2
649,6
650,7
651,3
653,3
655,3
656,7
661,7
668,3
676,3
678,3
675,3
673,3
678,3
684,3
685,3
680,3
673,3
670,3
671,3
671,3
669,3
665,3
663,3
666,3
665,5
657,5
645,5
638,3
634,3
630,5
623,5
609,5
595,5
584,5
573,0
557,0
538,0
522,0
507,0
491,0
473,0
455,0
438,0
422,4
409,4
397,4
383,4
366,4
351,2
343,2
340,2
334,4
322,4
311,2
304,2
305,2
309,2
312,2
314,2
319,2
328,2
335,2
334,2
326,2
320,2
319,2
320,2
315,4
305,4
293,4
282,4
272,4
259,0
244,0
228,0
214,0
199,0
186,5
177,3
169,3
161,5
148,5
134,5
126,3
125,3
122,5
112,5
93,5
75,5
65,3
61,3
58,3
58,3
66,7
82,7
96,3
105,3
111,3
121,3
130,3
128,5
116,3
109,3
111,3
118,3
123,3
126,3
126,3
127,7
132,7
140,7
150,7
158,7
161,6
161,3
161,7
162,6
162,2
162,1
163,7
164,0
