82,3
82,5
82,7
82,6
82,6
82,6
82,1
82,1
110,7
110,1
110,6
110,2
110,2
109,2
109,6
109,6
109,6
136,6
164,6
163,6
191,1
218,1
247,1
247,1
275,6
302,6
302,1
330,1
357,1
385,6
385,6
411,6
411,6
439,6
439,6
466,6
466,6
493,6
492,2
492,2
491,4
491,4
491,4
490,0
462,0
462,0
435,0
435,0
406,0
379,0
379,0
350,5
350,0
323,0
295,0
295,0
267,0
239,0
211,0
184,0
155,4
155,4
127,4
126,2
126,2
125,2
125,2
124,2
123,6
123,6
122,6
150,6
149,6
148,6
176,1
203,1
203,6
231,6
259,6
258,1
286,1
286,6
314,6
313,6
340,6
368,6
368,6
394,6
423,6
450,6
450,6
478,1
478,1
505,6
505,2
505,2
505,3
505,7
505,1
505,6
505,1
505,1
505,7
505,4
505,4
505,4
505,0
