659,3
658,3
658,3
660,7
666,1
670,2
672,2
670,0
663,5
654,5
651,7
653,1
657,7
662,7
666,3
668,3
668,3
666,3
670,3
676,3
678,3
672,3
668,3
670,3
674,3
674,3
669,3
667,3
670,3
671,3
665,3
655,3
649,3
644,5
632,5
609,5
589,5
575,0
562,4
549,4
533,0
510,0
485,0
465,4
449,4
437,4
424,4
410,2
401,2
399,2
397,2
389,2
378,2
372,2
369,2
364,2
355,2
348,2
348,2
345,2
335,4
320,4
303,4
289,4
268,0
240,0
214,0
190,0
169,5
154,3
146,3
138,3
129,3
121,3
120,3
127,3
132,3
131,3
128,3
129,3
132,3
132,3
127,3
122,3
123,3
127,3
127,3
124,3
124,3
131,3
138,3
140,3
136,3
133,3
133,7
136,7
138,3
138,2
138,4
137,2
137,4
137,3
137,3
137,4
136,3
136,1
