144,7
144,1
145,6
146,3
146,2
145,1
147,1
151,6
159,6
168,6
177,1
186,1
193,7
195,5
193,5
188,5
183,0
178,4
170,4
165,4
162,2
162,4
161,0
160,4
159,2
159,6
162,1
172,1
189,1
209,1
230,1
252,6
275,1
298,1
327,1
356,1
382,6
409,1
437,1
466,1
497,1
527,6
556,6
584,1
613,1
643,6
662,6
673,6
684,6
694,2
697,4
688,4
667,0
643,4
619,4
595,4
569,0
539,0
507,0
478,4
448,4
420,0
391,0
357,0
327,4
302,4
282,4
261,4
240,4
225,2
224,2
226,2
229,2
233,2
239,6
251,6
271,6
294,6
311,6
329,6
351,6
376,6
408,6
440,6
469,6
497,6
525,1
557,6
584,6
606,6
626,6
641,6
649,1
653,1
655,0
654,4
653,3
653,3
653,3
653,3
653,3
654,3
654,3
654,3
654,6
655,3
