138,1
143,1
151,1
160,1
170,1
180,1
188,7
192,3
193,5
192,0
185,4
174,4
166,4
162,2
161,6
162,1
166,6
169,2
173,2
179,6
189,6
201,6
216,6
231,6
247,1
266,1
289,1
312,1
334,1
357,1
381,1
406,1
431,1
454,1
477,1
498,1
521,1
548,1
574,6
595,6
615,6
635,6
654,6
666,2
666,2
661,2
656,2
652,2
647,4
635,0
616,0
593,4
569,4
542,4
517,0
491,0
463,0
437,0
409,0
384,5
360,5
336,5
311,0
282,0
254,0
225,0
202,4
183,4
165,4
145,4
125,4
114,2
114,6
121,6
124,4
118,4
108,4
97,4
88,2
86,2
90,2
94,2
92,2
89,2
96,6
113,6
130,6
144,6
160,6
180,6
203,6
224,6
242,6
259,6
280,1
306,1
332,1
357,1
381,1
410,7
436,1
461,1
487,1
518,1
550,1
581,1
607,1
629,1
645,1
654,7
661,7
666,7
668,3
667,5
666,5
666,5
665,3
665,3
665,2
665,6
665,7
667,7
