114,1
115,7
116,5
115,0
114,2
113,2
114,2
116,6
121,6
125,4
123,3
122,3
124,7
130,7
140,1
151,6
161,6
170,1
178,1
188,1
193,1
196,1
200,1
201,4
201,4
199,0
197,3
198,6
199,2
203,2
208,2
214,6
227,1
252,1
279,6
307,6
335,1
368,1
401,6
431,6
461,6
493,1
528,6
555,6
576,6
596,6
617,6
633,2
636,2
629,2
620,4
607,0
585,5
555,0
521,0
483,0
446,0
410,0
373,0
335,0
300,0
259,0
231,4
212,4
195,4
182,2
181,2
188,2
196,2
204,6
219,6
242,6
266,6
286,6
308,6
334,6
366,6
397,6
428,6
460,1
496,1
530,6
559,6
586,6
612,6
636,6
657,6
670,6
674,2
674,4
673,5
671,5
669,5
669,5
668,5
668,5
667,5
666,3
667,7
