154,1
163,1
175,6
185,6
192,6
194,1
195,3
195,5
191,0
187,0
183,5
178,5
171,0
169,6
176,6
192,6
211,1
238,1
269,1
298,1
327,1
358,1
389,1
424,1
453,1
483,1
516,1
551,1
572,6
582,6
589,6
597,6
619,6
635,6
645,2
650,2
656,6
664,2
672,2
671,2
668,2
664,4
661,2
660,4
659,0
654,5
647,5
630,0
611,4
591,4
571,4
547,4
524,4
505,4
487,4
465,4
444,4
423,0
402,0
381,0
359,0
337,5
318,5
299,5
276,5
249,5
223,0
201,0
180,4
161,4
141,4
120,4
106,2
100,2
96,2
88,2
83,2
85,2
94,2
100,2
104,2
112,6
127,6
150,6
171,6
188,6
207,6
231,1
260,1
286,1
312,6
341,1
374,1
411,1
448,1
484,1
522,1
559,1
592,1
617,1
639,1
658,1
671,7
681,7
685,7
687,7
688,1
689,6
690,2
690,0
690,5
690,7
691,7
692,1
