691,2
691,6
692,2
692,7
693,3
692,3
691,5
687,5
681,5
676,5
672,3
673,7
678,3
679,5
676,5
671,5
668,3
666,3
667,3
672,3
675,3
674,3
674,3
678,3
686,3
693,3
696,3
700,3
707,3
716,3
719,3
717,3
717,3
722,3
728,3
726,3
715,5
705,5
696,5
687,0
677,4
669,0
662,5
656,5
650,0
644,4
639,2
638,2
637,2
631,4
620,4
610,2
606,2
599,4
587,2
578,2
578,2
579,2
576,2
575,2
576,2
579,2
577,2
568,4
553,4
540,4
527,4
508,0
480,0
451,4
425,4
401,4
375,4
346,0
319,0
295,0
278,5
263,5
243,5
216,0
185,5
163,5
152,3
142,5
129,5
117,3
109,3
106,3
99,3
89,3
86,3
95,7
109,3
117,3
120,3
120,3
123,3
129,3
134,3
136,3
135,3
134,3
134,7
138,1
140,1
141,3
140,0
140,5
139,0
139,0
138,5
137,3
