505,5
505,3
505,0
505,2
505,1
505,5
505,5
505,0
505,3
505,3
506,3
506,4
506,2
506,2
506,2
506,3
506,3
506,3
506,3
507,3
507,3
508,3
509,3
510,3
511,3
512,3
540,3
540,3
541,3
542,3
543,3
544,3
545,3
545,3
546,3
546,3
547,3
547,3
548,5
548,5
522,5
522,5
495,5
496,5
468,5
469,3
469,3
442,5
443,5
443,5
415,5
389,5
389,0
389,4
360,4
359,0
359,0
332,0
304,4
303,4
275,2
274,4
273,4
245,4
244,2
243,2
242,2
241,2
240,2
239,2
266,2
265,6
264,2
291,2
290,6
317,6
317,6
343,2
342,2
342,2
341,2
369,2
368,2
338,4
337,4
310,4
309,4
309,4
281,0
280,0
252,0
224,0
195,0
168,0
168,5
140,5
113,0
113,0
85,5
58,5
59,3
59,3
31,3
32,3
33,3
34,3
35,3
36,3
37,3
38,7
38,7
68,3
69,3
70,3
71,3
72,5
44,5
45,5
17,3
18,3
20,3
20,3
22,3
22,3
22,3
23,7
52,3
53,3
53,7
53,1
53,1
82,6
82,6
82,6
82,2
82,6
82,6
82,5
82,5
