637,7
638,3
637,5
634,3
634,7
638,7
644,7
650,7
654,3
654,5
653,3
652,1
654,1
655,6
656,1
658,1
660,1
665,7
668,3
667,3
664,3
664,3
671,7
682,3
689,3
690,3
687,3
687,3
691,3
696,3
696,3
693,3
691,3
694,3
697,3
697,3
692,3
691,3
696,3
701,3
703,3
696,3
688,3
685,3
690,3
690,5
678,5
662,5
648,5
634,0
626,4
621,4
615,4
607,4
594,4
576,4
567,2
568,2
573,2
571,2
565,2
561,2
562,2
570,2
577,2
580,2
579,2
578,2
579,2
579,2
571,4
556,4
538,4
523,4
510,4
492,0
467,4
443,4
422,4
402,4
383,4
359,4
333,4
309,4
287,4
265,0
242,0
220,0
199,0
177,5
160,5
149,3
142,3
133,3
123,3
113,3
110,3
112,3
115,3
115,3
111,3
113,3
119,3
125,3
126,3
122,3
121,3
126,3
130,3
127,3
121,3
118,3
120,7
121,1
123,6
125,6
125,4
124,0
124,7
124,7
124,1
124,3
124,1
125,3
