664,5
654,5
651,7
652,3
654,7
659,3
665,3
674,3
680,3
677,3
672,3
673,3
678,3
679,3
676,3
675,3
679,3
678,3
670,3
665,3
663,3
661,3
650,5
633,5
617,5
602,5
585,0
566,0
547,0
525,0
500,0
478,4
460,4
445,4
427,4
408,2
398,2
397,2
397,2
390,2
379,2
374,2
375,2
372,2
363,2
353,2
348,2
346,2
337,2
322,2
312,2
304,4
290,4
268,4
247,4
219,0
200,5
180,5
162,5
144,5
128,5
119,3
121,3
125,3
123,3
117,3
117,3
124,3
126,3
121,3
118,3
122,3
127,3
128,3
126,3
129,3
136,3
140,3
140,3
143,3
148,3
152,3
150,5
148,3
148,1
149,6
150,4
150,4
149,4
149,4
148,2
148,5
148,3
