694,1
697,1
701,3
701,5
700,0
696,0
690,0
684,5
676,5
672,3
671,3
675,3
681,3
683,3
681,3
678,3
682,7
693,3
702,3
697,5
678,5
657,5
642,3
636,3
633,3
634,7
644,7
661,7
676,3
683,3
684,3
685,3
684,5
676,5
657,5
640,5
626,5
613,5
592,0
566,0
542,0
517,0
495,4
476,4
459,4
439,4
418,4
401,2
389,2
379,4
363,4
342,4
328,2
323,2
322,2
320,2
313,2
310,2
314,2
322,2
322,2
316,2
309,2
306,2
306,2
302,2
296,2
285,4
271,4
257,0
241,0
219,0
196,0
175,5
159,5
149,3
143,3
132,5
115,5
102,3
95,3
90,3
85,3
84,3
93,7
110,7
125,3
130,3
134,3
140,3
145,3
135,5
120,3
114,3
119,3
121,3
121,3
120,3
126,7
136,7
148,7
156,1
159,1
161,7
163,7
164,7
165,6
165,4
