165,6
174,6
181,1
185,7
187,3
188,5
186,5
184,3
184,3
186,1
192,1
207,6
225,1
244,1
267,6
284,6
297,6
308,6
322,6
343,1
368,1
394,1
421,1
452,1
484,1
510,1
533,1
558,6
580,6
601,6
622,6
637,2
648,2
658,6
669,2
678,2
677,4
666,4
655,2
647,4
635,4
617,4
593,4
570,4
548,4
528,0
506,0
480,0
455,0
428,0
402,5
380,5
358,5
336,0
312,5
288,5
267,5
247,0
226,0
204,4
185,4
168,4
151,4
140,2
135,2
134,2
129,2
123,2
121,6
129,6
145,6
160,6
171,6
182,1
198,1
222,1
245,1
264,6
281,6
297,6
309,6
319,2
324,2
329,6
342,6
361,6
383,1
408,1
434,1
463,1
492,1
520,1
551,1
585,1
615,6
638,6
654,6
666,6
673,6
675,7
675,5
675,5
674,5
673,3
673,1
674,7
678,7
682,3
684,3
