690,3
690,0
685,0
679,5
674,3
674,3
679,3
686,3
685,3
678,3
674,3
680,3
689,3
693,3
692,3
696,3
705,3
710,3
708,3
702,3
699,3
699,3
697,5
686,5
669,5
651,5
631,5
613,5
593,5
569,5
543,5
522,0
503,0
486,4
470,0
451,0
431,4
414,2
405,2
401,2
394,2
385,2
383,2
388,2
392,2
392,2
384,2
379,2
381,2
388,2
394,2
396,2
400,2
411,6
429,6
441,2
450,2
460,6
474,6
487,2
491,2
486,2
476,4
462,4
444,4
422,0
394,0
363,0
334,0
306,0
282,5
258,5
233,5
208,5
186,5
173,3
167,3
161,3
154,3
144,3
142,3
147,3
151,3
151,3
148,3
151,3
160,3
165,3
163,3
156,3
153,3
155,3
158,3
153,3
145,3
140,3
144,3
146,3
145,3
140,3
139,7
142,7
144,7
145,5
145,5
144,3
144,4
144,6
144,6
145,7
145,7
