194,6
196,2
196,2
196,4
196,3
196,6
197,2
197,2
196,2
195,1
196,6
198,6
201,6
206,6
222,6
252,6
261,2
253,4
245,7
256,7
292,1
337,6
385,1
438,6
477,6
496,6
517,6
557,6
605,6
641,6
676,1
687,6
691,2
695,2
690,4
667,5
656,5
641,5
606,0
559,0
512,0
462,0
416,0
388,5
366,5
337,0
304,4
271,4
237,4
221,4
213,0
182,4
151,2
150,2
161,6
183,6
225,1
278,1
324,1
359,6
374,6
384,1
402,1
412,4
409,4
391,2
388,6
411,6
442,6
465,6
491,1
529,1
571,1
605,1
632,1
652,1
666,6
677,6
683,3
681,5
675,5
669,3
669,6
671,6
675,1
677,1
679,7
682,5
676,5
