547,0,1.0
519,0,1.0
575,0,1.0
546,0,1.0
518,0,1.0
574,0,1.0
548,0,1.0
520,0,1.0
576,0,1.0
516,0,1.0
488,0,1.0
544,0,1.0
515,0,1.0
487,0,1.0
543,0,1.0
517,0,1.0
489,0,1.0
545,0,1.0
376,0,1.0
348,0,1.0
404,0,1.0
375,0,1.0
347,0,1.0
403,0,1.0
377,0,1.0
349,0,1.0
405,0,1.0
318,0,1.0
290,0,1.0
346,0,1.0
317,0,1.0
289,0,1.0
345,0,1.0
319,0,1.0
291,0,1.0
347,0,1.0
259,0,1.0
231,0,1.0
287,0,1.0
258,0,1.0
230,0,1.0
286,0,1.0
260,0,1.0
232,0,1.0
288,0,1.0
312,0,1.0
284,0,1.0
340,0,1.0
311,0,1.0
283,0,1.0
339,0,1.0
313,0,1.0
285,0,1.0
341,0,1.0
315,0,1.0
287,0,1.0
343,0,1.0
314,0,1.0
286,0,1.0
342,0,1.0
316,0,1.0
288,0,1.0
344,0,1.0
322,0,1.0
294,0,1.0
350,0,1.0
321,0,1.0
293,0,1.0
349,0,1.0
323,0,1.0
295,0,1.0
351,0,1.0
126,0,1.0
98,0,1.0
154,0,1.0
125,0,1.0
97,0,1.0
153,0,1.0
127,0,1.0
99,0,1.0
155,0,1.0
370,0,1.0
342,0,1.0
398,0,1.0
369,0,1.0
341,0,1.0
397,0,1.0
371,0,1.0
343,0,1.0
399,0,1.0
356,0,1.0
328,0,1.0
384,0,1.0
355,0,1.0
327,0,1.0
383,0,1.0
357,0,1.0
329,0,1.0
385,0,1.0
134,0,1.0
106,0,1.0
162,0,1.0
133,0,1.0
105,0,1.0
161,0,1.0
135,0,1.0
107,0,1.0
163,0,1.0
288,1,1.0
260,1,1.0
316,1,1.0
287,1,1.0
259,1,1.0
315,1,1.0
289,1,1.0
261,1,1.0
317,1,1.0
468,1,1.0
440,1,1.0
496,1,1.0
467,1,1.0
439,1,1.0
495,1,1.0
469,1,1.0
441,1,1.0
497,1,1.0
402,1,1.0
374,1,1.0
430,1,1.0
401,1,1.0
373,1,1.0
429,1,1.0
403,1,1.0
375,1,1.0
431,1,1.0
210,1,1.0
182,1,1.0
238,1,1.0
209,1,1.0
181,1,1.0
237,1,1.0
211,1,1.0
183,1,1.0
239,1,1.0
315,1,1.0
287,1,1.0
343,1,1.0
314,1,1.0
286,1,1.0
342,1,1.0
316,1,1.0
288,1,1.0
344,1,1.0
482,1,1.0
454,1,1.0
510,1,1.0
481,1,1.0
453,1,1.0
509,1,1.0
483,1,1.0
455,1,1.0
511,1,1.0
161,1,1.0
133,1,1.0
189,1,1.0
160,1,1.0
132,1,1.0
188,1,1.0
162,1,1.0
134,1,1.0
190,1,1.0
445,1,1.0
417,1,1.0
473,1,1.0
444,1,1.0
416,1,1.0
472,1,1.0
446,1,1.0
418,1,1.0
474,1,1.0
81,1,1.0
53,1,1.0
109,1,1.0
80,1,1.0
52,1,1.0
108,1,1.0
82,1,1.0
54,1,1.0
110,1,1.0
272,1,1.0
244,1,1.0
300,1,1.0
271,1,1.0
243,1,1.0
299,1,1.0
273,1,1.0
245,1,1.0
301,1,1.0
153,1,1.0
125,1,1.0
181,1,1.0
152,1,1.0
124,1,1.0
180,1,1.0
154,1,1.0
126,1,1.0
182,1,1.0
263,1,1.0
235,1,1.0
291,1,1.0
262,1,1.0
234,1,1.0
290,1,1.0
264,1,1.0
236,1,1.0
292,1,1.0
532,2,0.1
504,2,0.05
560,2,0.05
533,2,0.05
505,2,0.05
561,2,0.05
449,2,0.2
421,2,0.1
477,2,0.1
448,2,0.1
420,2,0.1
476,2,0.1
450,2,0.1
422,2,0.1
478,2,0.1
395,2,0.3
367,2,0.15
423,2,0.15
394,2,0.15
366,2,0.15
422,2,0.15
396,2,0.15
368,2,0.15
424,2,0.15
340,2,0.4
312,2,0.2
368,2,0.2
339,2,0.2
311,2,0.2
367,2,0.2
341,2,0.2
313,2,0.2
369,2,0.2
258,2,0.5
230,2,0.25
286,2,0.25
257,2,0.25
229,2,0.25
285,2,0.25
259,2,0.25
231,2,0.25
287,2,0.25
175,2,0.6
147,2,0.3
203,2,0.3
174,2,0.3
146,2,0.3
202,2,0.3
176,2,0.3
148,2,0.3
204,2,0.3
121,2,0.7
93,2,0.35
149,2,0.35
120,2,0.35
92,2,0.35
148,2,0.35
122,2,0.35
94,2,0.35
150,2,0.35
95,2,0.8
67,2,0.4
123,2,0.4
94,2,0.4
66,2,0.4
122,2,0.4
96,2,0.4
68,2,0.4
124,2,0.4
70,2,0.9
42,2,0.45
98,2,0.45
69,2,0.45
41,2,0.45
97,2,0.45
71,2,0.45
43,2,0.45
99,2,0.45
100,2,1.0
72,2,0.5
128,2,0.5
99,2,0.5
71,2,0.5
127,2,0.5
101,2,0.5
73,2,0.5
129,2,0.5
184,2,1.1
156,2,0.55
212,2,0.55
183,2,0.55
155,2,0.55
211,2,0.55
185,2,0.55
157,2,0.55
213,2,0.55
268,2,1.2
240,2,0.6
296,2,0.6
267,2,0.6
239,2,0.6
295,2,0.6
269,2,0.6
241,2,0.6
297,2,0.6
350,2,1.3
322,2,0.65
378,2,0.65
349,2,0.65
321,2,0.65
377,2,0.65
351,2,0.65
323,2,0.65
379,2,0.65
435,2,1.4
407,2,0.7
463,2,0.7
434,2,0.7
406,2,0.7
462,2,0.7
436,2,0.7
408,2,0.7
464,2,0.7
519,2,1.5
491,2,0.75
547,2,0.75
518,2,0.75
490,2,0.75
546,2,0.75
520,2,0.75
492,2,0.75
548,2,0.75
522,2,1.6
494,2,0.8
550,2,0.8
521,2,0.8
493,2,0.8
549,2,0.8
523,2,0.8
495,2,0.8
551,2,0.8
440,2,1.7
412,2,0.85
468,2,0.85
439,2,0.85
411,2,0.85
467,2,0.85
441,2,0.85
413,2,0.85
469,2,0.85
385,2,1.8
357,2,0.9
413,2,0.9
384,2,0.9
356,2,0.9
412,2,0.9
386,2,0.9
358,2,0.9
414,2,0.9
274,2,1.9
246,2,0.95
302,2,0.95
273,2,0.95
245,2,0.95
301,2,0.95
275,2,0.95
247,2,0.95
303,2,0.95
191,2,2.0
163,2,1.0
219,2,1.0
190,2,1.0
162,2,1.0
218,2,1.0
192,2,1.0
164,2,1.0
220,2,1.0
107,2,2.1
79,2,1.05
135,2,1.05
106,2,1.05
78,2,1.05
134,2,1.05
108,2,1.05
80,2,1.05
136,2,1.05
53,2,2.2
25,2,1.1
81,2,1.1
52,2,1.1
24,2,1.1
80,2,1.1
54,2,1.1
26,2,1.1
82,2,1.1
