672,5
671,0
669,0
666,3
662,3
668,7
693,3
703,3
699,3
695,3
684,5
650,5
612,5
600,7
626,7
665,3
668,5
648,3
640,7
656,7
686,7
713,3
714,3
709,3
697,5
674,5
644,0
606,0
581,0
571,0
559,4
545,0
512,4
477,2
462,2
457,2
458,6
476,2
480,2
490,6
517,6
538,2
538,2
528,2
517,4
504,4
487,0
464,4
439,4
412,4
379,4
338,4
301,0
286,7
305,7
338,7
351,7
358,5
358,4
349,0
338,5
334,7
344,7
356,3
351,5
331,5
305,5
281,5
270,0
256,4
230,4
195,4
152,4
116,0
100,3
101,3
99,3
93,3
95,3
112,3
118,3
117,3
125,3
133,3
134,3
142,3
151,3
154,7
156,1
159,6
160,0
160,7
160,7
161,3
162,3
162,3
161,5
160,7
162,6
166,3
