679,5
673,3
672,6
677,6
681,7
681,5
681,7
682,1
689,1
712,7
727,3
728,3
725,3
720,5
704,3
696,3
706,3
714,3
702,3
696,7
706,7
716,5
707,0
672,0
625,0
590,5
588,7
620,7
658,7
665,5
643,5
621,3
618,5
607,3
596,1
605,6
639,6
678,7
703,7
723,7
742,3
748,5
735,5
712,5
684,0
646,0
604,0
555,0
515,4
481,0
440,4
398,4
367,4
347,4
326,4
295,4
278,2
273,4
253,2
249,6
273,6
302,2
305,2
301,6
320,1
363,6
395,2
407,2
414,6
437,6
466,2
474,2
471,2
460,4
441,0
409,0
365,0
320,0
282,5
253,0
214,0
171,5
146,5
126,3
114,3
121,3
133,3
137,3
148,3
163,3
170,3
181,3
194,0
172,0
121,5
89,3
76,3
78,3
86,7
113,7
135,3
142,7
152,1
166,6
173,2
172,2
172,2
172,4
169,4
166,4
164,4
160,2
160,7
