325,0,1.0
297,0,0.5
353,0,0.5
324,0,0.5
296,0,0.5
352,0,0.5
326,0,0.5
298,0,0.5
354,0,0.5
322,0,1.0
294,0,0.5
350,0,0.5
321,0,0.5
293,0,0.5
349,0,0.5
323,0,0.5
295,0,0.5
351,0,0.5
158,0,1.0
130,0,0.5
186,0,0.5
157,0,0.5
129,0,0.5
185,0,0.5
159,0,0.5
131,0,0.5
187,0,0.5
138,0,1.0
110,0,0.5
166,0,0.5
137,0,0.5
109,0,0.5
165,0,0.5
139,0,0.5
111,0,0.5
167,0,0.5
131,0,1.0
103,0,0.5
159,0,0.5
130,0,0.5
102,0,0.5
158,0,0.5
132,0,0.5
104,0,0.5
160,0,0.5
229,0,1.0
201,0,0.5
257,0,0.5
228,0,0.5
200,0,0.5
256,0,0.5
230,0,0.5
202,0,0.5
258,0,0.5
128,0,1.0
100,0,0.5
156,0,0.5
127,0,0.5
99,0,0.5
155,0,0.5
129,0,0.5
101,0,0.5
157,0,0.5
320,0,1.0
292,0,0.5
348,0,0.5
319,0,0.5
291,0,0.5
347,0,0.5
321,0,0.5
293,0,0.5
349,0,0.5
472,0,1.0
444,0,0.5
500,0,0.5
471,0,0.5
443,0,0.5
499,0,0.5
473,0,0.5
445,0,0.5
501,0,0.5
70,0,1.0
42,0,0.5
98,0,0.5
69,0,0.5
41,0,0.5
97,0,0.5
71,0,0.5
43,0,0.5
99,0,0.5
321,0,1.0
293,0,0.5
349,0,0.5
320,0,0.5
292,0,0.5
348,0,0.5
322,0,0.5
294,0,0.5
350,0,0.5
366,0,1.0
338,0,0.5
394,0,0.5
365,0,0.5
337,0,0.5
393,0,0.5
367,0,0.5
339,0,0.5
395,0,0.5
359,1,0.5
331,1,0.5
387,1,0.5
358,1,0.5
330,1,0.5
386,1,0.5
360,1,0.5
332,1,0.5
388,1,0.5
283,1,0.5
255,1,0.5
311,1,0.5
282,1,0.5
254,1,0.5
310,1,0.5
284,1,0.5
256,1,0.5
312,1,0.5
416,1,0.5
388,1,0.5
444,1,0.5
415,1,0.5
387,1,0.5
443,1,0.5
417,1,0.5
389,1,0.5
445,1,0.5
182,1,0.5
154,1,0.5
210,1,0.5
181,1,0.5
153,1,0.5
209,1,0.5
183,1,0.5
155,1,0.5
211,1,0.5
86,1,0.5
58,1,0.5
114,1,0.5
85,1,0.5
57,1,0.5
113,1,0.5
87,1,0.5
59,1,0.5
115,1,0.5
118,1,0.5
90,1,0.5
146,1,0.5
117,1,0.5
89,1,0.5
145,1,0.5
119,1,0.5
91,1,0.5
147,1,0.5
29,1,0.5
1,1,0.5
57,1,0.5
28,1,0.5
0,1,0.5
56,1,0.5
30,1,0.5
2,1,0.5
58,1,0.5
162,1,0.5
134,1,0.5
190,1,0.5
161,1,0.5
133,1,0.5
189,1,0.5
163,1,0.5
135,1,0.5
191,1,0.5
413,1,0.5
385,1,0.5
441,1,0.5
412,1,0.5
384,1,0.5
440,1,0.5
414,1,0.5
386,1,0.5
442,1,0.5
44,1,0.5
16,1,0.5
72,1,0.5
43,1,0.5
15,1,0.5
71,1,0.5
45,1,0.5
17,1,0.5
73,1,0.5
126,1,0.5
98,1,0.5
154,1,0.5
125,1,0.5
97,1,0.5
153,1,0.5
127,1,0.5
99,1,0.5
155,1,0.5
497,1,0.5
469,1,0.5
525,1,0.5
496,1,0.5
468,1,0.5
524,1,0.5
498,1,0.5
470,1,0.5
526,1,0.5
534,2,0.1
537,2,0.2
540,2,0.3
543,2,0.4
546,2,0.5
549,2,0.6
552,2,0.7
555,2,0.8
503,2,0.9
418,2,1.0
415,2,1.1
412,2,1.2
438,2,1.3
435,2,1.4
432,2,1.5
400,2,1.6
371,2,1.7
259,2,1.8
202,2,1.9
172,2,2.0
88,2,2.1
34,2,2.2
9,2,2.3
13,2,2.4
17,2,2.5
20,2,2.6
22,2,2.7
25,2,2.8
