186,0
182,4
179,4
177,0
174,0
171,4
170,2
170,6
171,1
173,3
173,5
172,5
170,3
170,5
169,0
167,5
164,3
165,7
172,7
176,3
178,2
178,2
179,2
176,2
176,1
177,2
180,6
184,1
201,1
233,1
264,6
296,6
333,1
374,1
415,6
451,6
490,6
530,6
557,6
579,6
601,2
612,2
608,2
604,4
594,0
574,5
543,0
500,0
451,0
402,0
348,0
298,0
253,0
215,0
190,4
169,4
148,2
139,6
158,6
195,6
228,6
261,6
306,6
352,6
391,6
430,6
469,6
505,6
541,1
580,1
625,7
647,7
656,6
661,2
659,4
655,2
655,6
658,6
662,1
662,7
665,7
669,3
670,5
669,0
667,5
