161,6
164,6
166,2
167,6
168,2
167,0
164,4
163,2
163,6
170,2
185,2
198,6
209,7
223,7
237,1
259,6
267,5
260,3
252,7
265,7
298,1
341,1
396,1
446,1
494,1
525,6
541,2
552,6
570,6
591,6
604,6
616,6
639,6
656,4
646,4
624,2
613,2
623,6
641,2
646,2
649,2
659,2
665,4
658,5
642,5
627,5
604,0
570,0
529,0
494,0
455,0
423,5
407,3
391,5
360,5
319,5
282,5
249,0
215,0
177,4
139,4
120,2
109,2
100,2
93,2
93,2
85,1
95,7
122,1
149,6
185,6
231,6
287,6
327,6
365,6
408,6
455,6
498,6
541,1
581,1
615,1
641,1
660,1
672,7
678,7
680,1
683,6
684,6
685,2
686,2
686,0
685,7
685,7
687,7
