665,5
664,0
663,1
664,7
670,3
676,3
677,3
676,3
678,3
679,3
680,3
690,3
706,3
711,3
707,3
703,3
695,5
675,3
660,5
644,5
620,0
584,0
541,0
504,4
472,4
435,4
405,2
409,6
442,6
466,6
493,6
521,4
511,0
482,0
442,0
409,4
396,2
392,2
382,2
371,2
382,6
418,6
450,6
487,6
516,2
514,2
506,2
493,2
489,4
470,4
445,4
411,4
369,0
326,0
281,0
237,5
199,5
161,5
129,3
123,3
124,3
130,3
150,3
174,3
176,3
172,3
182,3
190,3
182,3
171,5
157,5
136,3
133,7
148,1
162,6
168,2
168,2
172,6
178,6
185,2
185,2
185,4
185,1
186,5
