667,3
667,3
667,7
672,7
674,3
675,7
680,7
690,3
694,3
699,3
704,3
709,7
723,7
747,3
755,3
751,3
743,5
726,0
684,0
627,5
604,1
623,1
660,7
687,3
688,3
686,3
684,3
673,5
644,5
612,5
578,5
539,0
500,0
454,0
395,0
364,2
362,6
393,6
411,2
402,4
379,2
362,2
351,2
333,2
312,2
303,2
294,2
294,2
293,2
297,2
293,2
299,2
311,2
303,4
293,4
272,0
236,0
195,5
163,5
144,3
147,3
160,3
169,7
192,7
209,3
208,4
176,4
129,0
95,5
74,3
66,3
77,7
109,7
145,7
169,7
189,3
187,5
158,5
129,3
121,3
121,3
125,3
137,7
150,7
168,7
178,6
182,6
184,7
188,1
191,1
193,6
194,6
195,4
194,4
193,4
