110,4
110,5
110,5
110,5
110,3
110,0
110,6
110,6
110,6
110,3
110,4
110,5
110,5
110,5
110,5
110,5
110,0
110,4
110,2
110,0
110,6
110,3
110,3
110,3
110,5
110,0
110,5
110,7
110,3
110,0
110,6
110,1
110,7
110,0
110,4
110,4
109,4
81,4
81,4
81,4
81,7
81,7
81,7
81,7
81,7
109,7
110,7
110,1
110,6
110,2
110,6
109,3
110,3
110,7
110,3
110,5
110,4
110,5
110,1
110,1
110,5
110,0
110,4
110,4
109,4
109,2
109,6
108,1
108,1
136,6
136,6
135,6
163,6
163,1
191,1
191,1
218,1
247,1
275,1
303,1
330,1
357,1
386,7
414,1
443,1
443,7
471,7
472,1
500,2
500,2
499,2
498,2
497,6
496,2
523,2
522,2
521,2
520,4
491,4
462,4
461,4
461,4
432,0
403,0
376,0
347,0
320,0
292,0
265,0
208,0
181,5
154,0
126,0
98,0
69,4
40,4
11,2
10,2
9,2
7,2
6,6
5,2
32,6
31,6
59,6
87,6
114,6
141,6
169,1
196,1
224,1
252,1
280,1
281,1
336,1
336,1
365,1
421,1
421,1
421,6
449,1
477,1
477,1
505,1
532,1
532,7
533,3
533,3
533,7
533,6
533,5
533,5
533,5
533,0
533,5
533,0
