87,0,0.142224741657
108,0,0.88586608422
109,0,0.0400939646025
111,0,0.0282979618433
112,0,1.03235917532
119,0,1.79190624826
120,0,0.3315344039
124,2,1.15029416855
125,2,0.210586688325
133,1,1.33543110648
134,1,0.0175546997626
139,2,1.09556647563
140,0,1.17589698456
140,2,0.826117552734
141,0,0.189176136296
142,2,1.00959604201
143,0,0.0461984870533
143,2,0.913307771262
144,0,1.06937645081
151,0,0.0863295382049
156,2,0.70308057305
165,1,0.225430788572
171,2,0.0769815393502
174,2,0.0350826989412
178,1,0.0840669290617
179,1,1.26052342621
180,1,1.42545677983
181,1,0.817286708502
182,1,0.210529842958
183,0,0.226200886852
202,2,1.11926167337
211,1,0.239866204336
213,1,0.547824883925
214,0,0.216324698426
214,1,0.225137410729
215,0,1.86067414482
216,0,0.0291668426205
220,1,1.11412851716
220,2,1.05978725812
221,2,0.165878957102
229,0,1.71434394275
230,0,0.29931120008
234,2,0.844275119243
239,2,1.3877908854
240,2,0.433219862265
247,0,0.02027334668
252,1,0.592061214535
252,2,0.798334489136
253,2,0.0190911176937
261,0,0.330587069879
262,0,0.910055918499
262,1,1.24278181376
263,0,0.283989369859
263,1,0.323030303159
271,2,0.310384659161
272,0,0.912112837136
273,0,0.306419908443
294,0,0.993865484837
295,0,0.335962426939
297,2,1.00959604201
298,2,0.0350826989413
304,0,1.56965082248
304,2,0.207543584909
305,0,1.89343138791
305,2,0.935622247508
315,2,0.718555502568
316,2,0.516052561578
329,2,0.913307771262
336,2,0.152596416589
337,0,0.0899130218318
337,2,0.845487115706
339,0,0.583204429516
340,0,0.971076328251
347,0,0.315423966509
347,2,0.642760153842
348,0,0.336411157366
348,2,0.450129037629
359,2,0.0383680263617
360,2,0.3005883371
370,2,0.37663928839
371,0,0.37527637241
371,1,1.5867479686
372,0,0.69957656904
372,1,1.1014908315
373,1,0.744956698681
379,0,0.926989932044
380,0,0.960249053544
391,2,0.670338388912
392,2,1.10111179783
402,1,0.239311650988
402,2,1.2548154591
403,1,1.46292744799
403,2,0.491590241347
410,2,0.297619314019
411,2,0.759798403484
437,1,0.641225334311
438,1,0.270339426515
442,2,0.357410580821
443,2,0.843237275843
455,2,0.3542478923
467,2,0.376916514778
469,1,0.46151668399
470,1,0.125863393188
486,2,0.248286553114
487,2,1.52198326389
488,0,0.423234313836
489,0,0.515036792391
496,1,1.17657270618
497,1,0.538532583851
499,2,1.60706234591
500,2,0.0623725848347
506,2,0.844275119243
520,0,0.788680187758
521,0,0.910862090267
538,2,1.11926167337
548,2,0.844275119243
549,2,1.11926167337
563,2,0.277095475657
595,2,1.70267862505
596,2,0.0794792372901
601,2,0.726540145902
619,0,0.266166822868
629,1,1.60150030356
633,2,1.18655055474
634,2,0.128717017659
643,2,0.3542478923
644,2,1.52198326389
650,0,0.120321357064
651,0,1.85941893158
652,0,0.120321357064
660,2,0.150540619532
661,1,0.0766420524462
664,2,0.0369156920804
676,2,0.248286553114
691,2,0.368896079338
692,2,1.57514708428
693,2,0.501834455075
694,2,0.112011652578
695,2,0.745527999515
696,2,1.21660993113
725,2,1.05952139844
726,2,0.515244127811
