689,3
679,3
676,3
686,3
691,3
687,3
687,3
694,3
699,3
696,3
698,3
708,3
709,3
699,3
698,3
704,3
698,5
682,5
665,5
651,0
630,4
605,4
575,4
554,2
545,2
538,2
532,2
537,2
550,2
558,2
559,2
562,2
568,2
558,4
539,4
526,4
510,0
483,0
454,4
425,4
396,4
363,0
325,0
287,0
251,5
219,5
189,5
159,5
140,3
134,3
128,3
113,3
110,3
121,3
126,3
124,3
130,3
141,3
142,3
142,3
153,7
168,7
180,7
188,6
190,2
187,2
184,2
184,2
185,2
185,4
184,3
184,7
185,1
190,7
197,3
195,3
194,5
189,5
177,5
169,5
163,4
158,2
153,4
148,2
147,1
150,7
155,3
158,1
163,6
165,2
164,2
165,7
165,7
167,3
166,3
166,3
