53,7
53,1
53,6
82,6
81,6
109,1
108,1
136,2
136,2
136,2
136,2
136,4
136,4
136,2
136,6
136,6
136,4
136,4
136,4
136,4
135,4
107,4
107,4
107,0
107,1
217,0
217,4
217,4
217,4
217,4
217,2
217,6
217,2
217,2
217,2
217,5
217,5
217,5
217,4
217,7
217,1
217,7
217,2
217,5
217,5
217,4
217,4
217,2
217,6
217,0
217,4
217,4
217,2
217,6
217,4
217,3
217,3
217,3
217,3
217,3
217,7
217,7
217,3
217,3
217,7
217,4
217,0
217,6
217,6
217,1
217,6
217,4
217,0
217,5
217,5
217,1
217,4
217,2
217,2
217,1
217,6
217,3
217,5
217,5
217,5
217,5
217,7
217,1
217,6
217,6
217,6
217,6
217,5
217,0
217,0
217,3
217,1
217,6
217,6
217,6
217,6
217,5
217,5
217,7
217,1
217,1
217,7
217,7
246,7
246,7
246,3
247,7
247,7
247,7
247,2
247,2
247,6
246,7
247,3
247,5
247,0
247,0
218,5
218,3
219,1
219,6
219,7
219,3
219,3
219,3
219,5
219,5
219,3
219,3
219,7
219,7
219,7
219,7
219,1
219,1
248,6
248,1
276,1
304,1
332,1
332,6
359,1
387,1
387,1
414,1
414,6
414,1
443,1
443,1
472,1
499,6
499,6
526,6
525,2
551,2
523,2
522,2
520,2
519,4
519,2
490,2
517,6
517,6
517,6
516,2
515,2
514,4
485,4
485,4
457,0
457,5
430,5
401,0
374,0
318,0
290,0
262,0
235,5
207,5
180,0
152,0
124,0
97,0
68,4
39,4
10,2
8,2
7,6
34,6
33,6
61,6
88,6
115,6
142,6
170,1
197,1
226,1
253,1
281,1
309,1
365,1
392,1
421,1
449,1
505,1
532,1
561,7
562,7
562,7
590,5
590,5
590,0
562,7
563,7
591,4
563,2
562,7
563,0
