670,7
679,7
691,3
693,3
691,3
700,3
710,3
709,3
706,3
712,3
720,3
712,5
696,3
691,3
688,5
670,5
641,5
625,3
620,3
610,5
595,5
582,3
571,5
553,5
527,0
499,0
470,4
446,4
422,4
395,4
366,4
346,2
338,2
328,2
317,2
315,2
323,2
325,2
320,2
327,6
349,6
366,2
379,6
397,6
423,2
436,2
436,2
432,2
423,4
404,0
375,0
342,0
304,0
263,5
220,5
177,5
147,3
136,3
128,3
120,3
119,3
127,3
133,3
137,3
150,7
171,3
183,3
190,3
201,7
221,3
227,3
220,3
206,3
191,5
173,5
151,5
137,3
132,5
123,5
118,2
122,6
132,6
141,6
148,1
156,1
167,7
173,1
177,6
