325,0,1.0
297,0,1.0
353,0,1.0
324,0,1.0
296,0,1.0
352,0,1.0
326,0,1.0
298,0,1.0
354,0,1.0
322,0,1.0
294,0,1.0
350,0,1.0
321,0,1.0
293,0,1.0
349,0,1.0
323,0,1.0
295,0,1.0
351,0,1.0
158,0,1.0
130,0,1.0
186,0,1.0
157,0,1.0
129,0,1.0
185,0,1.0
159,0,1.0
131,0,1.0
187,0,1.0
138,0,1.0
110,0,1.0
166,0,1.0
137,0,1.0
109,0,1.0
165,0,1.0
139,0,1.0
111,0,1.0
167,0,1.0
131,0,1.0
103,0,1.0
159,0,1.0
130,0,1.0
102,0,1.0
158,0,1.0
132,0,1.0
104,0,1.0
160,0,1.0
229,0,1.0
201,0,1.0
257,0,1.0
228,0,1.0
200,0,1.0
256,0,1.0
230,0,1.0
202,0,1.0
258,0,1.0
128,0,1.0
100,0,1.0
156,0,1.0
127,0,1.0
99,0,1.0
155,0,1.0
129,0,1.0
101,0,1.0
157,0,1.0
320,0,1.0
292,0,1.0
348,0,1.0
319,0,1.0
291,0,1.0
347,0,1.0
321,0,1.0
293,0,1.0
349,0,1.0
472,0,1.0
444,0,1.0
500,0,1.0
471,0,1.0
443,0,1.0
499,0,1.0
473,0,1.0
445,0,1.0
501,0,1.0
70,0,1.0
42,0,1.0
98,0,1.0
69,0,1.0
41,0,1.0
97,0,1.0
71,0,1.0
43,0,1.0
99,0,1.0
321,0,1.0
293,0,1.0
349,0,1.0
320,0,1.0
292,0,1.0
348,0,1.0
322,0,1.0
294,0,1.0
350,0,1.0
366,0,1.0
338,0,1.0
394,0,1.0
365,0,1.0
337,0,1.0
393,0,1.0
367,0,1.0
339,0,1.0
395,0,1.0
359,1,1.0
331,1,1.0
387,1,1.0
358,1,1.0
330,1,1.0
386,1,1.0
360,1,1.0
332,1,1.0
388,1,1.0
283,1,1.0
255,1,1.0
311,1,1.0
282,1,1.0
254,1,1.0
310,1,1.0
284,1,1.0
256,1,1.0
312,1,1.0
416,1,1.0
388,1,1.0
444,1,1.0
415,1,1.0
387,1,1.0
443,1,1.0
417,1,1.0
389,1,1.0
445,1,1.0
182,1,1.0
154,1,1.0
210,1,1.0
181,1,1.0
153,1,1.0
209,1,1.0
183,1,1.0
155,1,1.0
211,1,1.0
86,1,1.0
58,1,1.0
114,1,1.0
85,1,1.0
57,1,1.0
113,1,1.0
87,1,1.0
59,1,1.0
115,1,1.0
118,1,1.0
90,1,1.0
146,1,1.0
117,1,1.0
89,1,1.0
145,1,1.0
119,1,1.0
91,1,1.0
147,1,1.0
29,1,1.0
1,1,1.0
57,1,1.0
28,1,1.0
0,1,1.0
56,1,1.0
30,1,1.0
2,1,1.0
58,1,1.0
162,1,1.0
134,1,1.0
190,1,1.0
161,1,1.0
133,1,1.0
189,1,1.0
163,1,1.0
135,1,1.0
191,1,1.0
413,1,1.0
385,1,1.0
441,1,1.0
412,1,1.0
384,1,1.0
440,1,1.0
414,1,1.0
386,1,1.0
442,1,1.0
44,1,1.0
16,1,1.0
72,1,1.0
43,1,1.0
15,1,1.0
71,1,1.0
45,1,1.0
17,1,1.0
73,1,1.0
126,1,1.0
98,1,1.0
154,1,1.0
125,1,1.0
97,1,1.0
153,1,1.0
127,1,1.0
99,1,1.0
155,1,1.0
497,1,1.0
469,1,1.0
525,1,1.0
496,1,1.0
468,1,1.0
524,1,1.0
498,1,1.0
470,1,1.0
526,1,1.0
534,2,0.1
506,2,0.05
562,20.05
533,20.05
505,20.05
561,20.05
535,20.05
507,20.05
563,20.05
537,2,0.2
509,2,0.1
565,20.1
536,20.1
508,20.1
564,20.1
538,20.1
510,20.1
566,20.1
540,2,0.3
512,2,0.15
568,20.15
539,20.15
511,20.15
567,20.15
541,20.15
513,20.15
569,20.15
543,2,0.4
515,2,0.2
571,20.2
542,20.2
514,20.2
570,20.2
544,20.2
516,20.2
572,20.2
546,2,0.5
518,2,0.25
574,20.25
545,20.25
517,20.25
573,20.25
547,20.25
519,20.25
575,20.25
549,2,0.6
521,2,0.3
577,20.3
548,20.3
520,20.3
576,20.3
550,20.3
522,20.3
578,20.3
552,2,0.7
524,2,0.35
580,20.35
551,20.35
523,20.35
579,20.35
553,20.35
525,20.35
581,20.35
555,2,0.8
527,2,0.4
583,20.4
554,20.4
526,20.4
582,20.4
556,20.4
528,20.4
584,20.4
503,2,0.9
475,2,0.45
531,20.45
502,20.45
474,20.45
530,20.45
418,2,1.0
390,2,0.5
446,20.5
417,20.5
389,20.5
445,20.5
419,20.5
391,20.5
447,20.5
415,2,1.1
387,2,0.55
443,20.55
414,20.55
386,20.55
442,20.55
416,20.55
388,20.55
444,20.55
412,2,1.2
384,2,0.6
440,20.6
411,20.6
383,20.6
439,20.6
413,20.6
385,20.6
441,20.6
438,2,1.3
410,2,0.65
466,20.65
437,20.65
409,20.65
465,20.65
439,20.65
411,20.65
467,20.65
435,2,1.4
407,2,0.7
463,20.7
434,20.7
406,20.7
462,20.7
436,20.7
408,20.7
464,20.7
432,2,1.5
404,2,0.75
460,20.75
431,20.75
403,20.75
459,20.75
433,20.75
405,20.75
461,20.75
400,2,1.6
372,2,0.8
428,20.8
399,20.8
371,20.8
427,20.8
401,20.8
373,20.8
429,20.8
371,2,1.7
343,2,0.85
399,20.85
370,20.85
342,20.85
398,20.85
372,20.85
344,20.85
400,20.85
259,2,1.8
231,2,0.9
287,20.9
258,20.9
230,20.9
286,20.9
260,20.9
232,20.9
288,20.9
202,2,1.9
174,2,0.95
230,20.95
201,20.95
173,20.95
229,20.95
203,20.95
175,20.95
231,20.95
172,2,2.0
144,2,1.0
200,21.0
171,21.0
143,21.0
199,21.0
173,21.0
145,21.0
201,21.0
88,2,2.1
60,2,1.05
116,21.05
87,21.05
59,21.05
115,21.05
89,21.05
61,21.05
117,21.05
34,2,2.2
6,2,1.1
62,21.1
33,21.1
5,21.1
61,21.1
35,21.1
7,21.1
63,21.1
9,2,2.3
37,21.15
8,21.15
36,21.15
10,21.15
38,21.15
13,2,2.4
41,21.2
12,21.2
40,21.2
14,21.2
42,21.2
17,2,2.5
45,21.25
16,21.25
44,21.25
18,21.25
46,21.25
20,2,2.6
48,21.3
19,21.3
47,21.3
21,21.3
49,21.3
22,2,2.7
50,21.35
21,21.35
49,21.35
23,21.35
51,21.35
25,2,2.8
53,21.4
24,21.4
52,21.4
26,21.4
54,21.4
