166,1
167,2
167,7
167,5
167,1
168,1
175,6
186,6
201,6
224,1
257,1
296,1
336,1
378,1
416,1
458,1
490,6
519,6
536,2
546,6
560,6
585,6
609,2
619,2
619,2
621,2
622,2
617,2
610,2
614,2
614,2
609,4
590,4
564,4
538,4
509,0
482,0
458,0
432,5
413,3
407,3
399,5
384,5
362,5
343,5
318,0
291,0
259,0
223,0
187,4
161,4
136,4
107,4
88,2
89,2
95,2
106,6
129,6
167,6
197,6
224,6
253,1
292,6
332,6
369,6
409,1
453,6
488,6
521,1
558,1
595,6
622,6
644,1
660,7
676,7
688,7
694,1
695,0
694,1
697,1
701,1
702,0
694,4
692,0
687,5
