188,0,1.0
160,0,0.5
216,0,0.5
187,0,0.5
159,0,0.25
215,0,0.25
189,0,0.5
161,0,0.25
217,0,0.25
460,0,1.0
432,0,0.5
488,0,0.5
459,0,0.5
431,0,0.25
487,0,0.25
461,0,0.5
433,0,0.25
489,0,0.25
103,0,1.0
75,0,0.5
131,0,0.5
102,0,0.5
74,0,0.25
130,0,0.25
104,0,0.5
76,0,0.25
132,0,0.25
517,0,1.0
489,0,0.5
545,0,0.5
516,0,0.5
488,0,0.25
544,0,0.25
518,0,0.5
490,0,0.25
546,0,0.25
128,0,1.0
100,0,0.5
156,0,0.5
127,0,0.5
99,0,0.25
155,0,0.25
129,0,0.5
101,0,0.25
157,0,0.25
440,0,1.0
412,0,0.5
468,0,0.5
439,0,0.5
411,0,0.25
467,0,0.25
441,0,0.5
413,0,0.25
469,0,0.25
71,0,1.0
43,0,0.5
99,0,0.5
70,0,0.5
42,0,0.25
98,0,0.25
72,0,0.5
44,0,0.25
100,0,0.25
465,0,1.0
437,0,0.5
493,0,0.5
464,0,0.5
436,0,0.25
492,0,0.25
466,0,0.5
438,0,0.25
494,0,0.25
439,0,1.0
411,0,0.5
467,0,0.5
438,0,0.5
410,0,0.25
466,0,0.25
440,0,0.5
412,0,0.25
468,0,0.25
179,0,1.0
151,0,0.5
207,0,0.5
178,0,0.5
150,0,0.25
206,0,0.25
180,0,0.5
152,0,0.25
208,0,0.25
286,0,1.0
258,0,0.5
314,0,0.5
285,0,0.5
257,0,0.25
313,0,0.25
287,0,0.5
259,0,0.25
315,0,0.25
433,0,1.0
405,0,0.5
461,0,0.5
432,0,0.5
404,0,0.25
460,0,0.25
434,0,0.5
406,0,0.25
462,0,0.25
489,1,1.0
461,1,0.25
517,1,0.25
488,1,0.25
460,1,0.05
516,1,0.05
490,1,0.25
462,1,0.05
518,1,0.05
324,1,1.0
296,1,0.25
352,1,0.25
323,1,0.25
295,1,0.05
351,1,0.05
325,1,0.25
297,1,0.05
353,1,0.05
356,1,1.0
328,1,0.25
384,1,0.25
355,1,0.25
327,1,0.05
383,1,0.05
357,1,0.25
329,1,0.05
385,1,0.05
90,1,1.0
62,1,0.25
118,1,0.25
89,1,0.25
61,1,0.05
117,1,0.05
91,1,0.25
63,1,0.05
119,1,0.05
148,1,1.0
120,1,0.25
176,1,0.25
147,1,0.25
119,1,0.05
175,1,0.05
149,1,0.25
121,1,0.05
177,1,0.05
88,1,1.0
60,1,0.25
116,1,0.25
87,1,0.25
59,1,0.05
115,1,0.05
89,1,0.25
61,1,0.05
117,1,0.05
298,1,1.0
270,1,0.25
326,1,0.25
297,1,0.25
269,1,0.05
325,1,0.05
299,1,0.25
271,1,0.05
327,1,0.05
461,1,1.0
433,1,0.25
489,1,0.25
460,1,0.25
432,1,0.05
488,1,0.05
462,1,0.25
434,1,0.05
490,1,0.05
77,1,1.0
49,1,0.25
105,1,0.25
76,1,0.25
48,1,0.05
104,1,0.05
78,1,0.25
50,1,0.05
106,1,0.05
526,1,1.0
498,1,0.25
554,1,0.25
525,1,0.25
497,1,0.05
553,1,0.05
527,1,0.25
499,1,0.05
555,1,0.05
347,1,1.0
319,1,0.25
375,1,0.25
346,1,0.25
318,1,0.05
374,1,0.05
348,1,0.25
320,1,0.05
376,1,0.05
534,2,0.1
537,2,0.2
540,2,0.3
543,2,0.4
546,2,0.5
549,2,0.6
552,2,0.7
528,2,0.8
474,2,0.9
390,2,1.0
306,2,1.1
275,2,1.2
272,2,1.3
269,2,1.4
266,2,1.5
262,2,1.6
315,2,1.7
370,2,1.8
367,2,1.9
364,2,2.0
306,2,2.1
222,2,2.2
138,2,2.3
84,2,2.4
28,2,2.5
31,2,2.6
34,2,2.7
9,2,2.8
13,2,2.9
17,2,3.0
20,2,3.1
22,2,3.2
25,2,3.3
