464,0,1.0
436,0,1.0
492,0,1.0
463,0,1.0
435,0,1.0
491,0,1.0
465,0,1.0
437,0,1.0
493,0,1.0
366,0,1.0
338,0,1.0
394,0,1.0
365,0,1.0
337,0,1.0
393,0,1.0
367,0,1.0
339,0,1.0
395,0,1.0
327,0,1.0
299,0,1.0
355,0,1.0
326,0,1.0
298,0,1.0
354,0,1.0
328,0,1.0
300,0,1.0
356,0,1.0
439,0,1.0
411,0,1.0
467,0,1.0
438,0,1.0
410,0,1.0
466,0,1.0
440,0,1.0
412,0,1.0
468,0,1.0
173,0,1.0
145,0,1.0
201,0,1.0
172,0,1.0
144,0,1.0
200,0,1.0
174,0,1.0
146,0,1.0
202,0,1.0
370,0,1.0
342,0,1.0
398,0,1.0
369,0,1.0
341,0,1.0
397,0,1.0
371,0,1.0
343,0,1.0
399,0,1.0
147,0,1.0
119,0,1.0
175,0,1.0
146,0,1.0
118,0,1.0
174,0,1.0
148,0,1.0
120,0,1.0
176,0,1.0
438,0,1.0
410,0,1.0
466,0,1.0
437,0,1.0
409,0,1.0
465,0,1.0
439,0,1.0
411,0,1.0
467,0,1.0
188,0,1.0
160,0,1.0
216,0,1.0
187,0,1.0
159,0,1.0
215,0,1.0
189,0,1.0
161,0,1.0
217,0,1.0
551,0,1.0
523,0,1.0
579,0,1.0
550,0,1.0
522,0,1.0
578,0,1.0
552,0,1.0
524,0,1.0
580,0,1.0
174,0,1.0
146,0,1.0
202,0,1.0
173,0,1.0
145,0,1.0
201,0,1.0
175,0,1.0
147,0,1.0
203,0,1.0
443,1,1.0
415,1,1.0
471,1,1.0
442,1,1.0
414,1,1.0
470,1,1.0
444,1,1.0
416,1,1.0
472,1,1.0
427,1,1.0
399,1,1.0
455,1,1.0
426,1,1.0
398,1,1.0
454,1,1.0
428,1,1.0
400,1,1.0
456,1,1.0
159,1,1.0
131,1,1.0
187,1,1.0
158,1,1.0
130,1,1.0
186,1,1.0
160,1,1.0
132,1,1.0
188,1,1.0
93,1,1.0
65,1,1.0
121,1,1.0
92,1,1.0
64,1,1.0
120,1,1.0
94,1,1.0
66,1,1.0
122,1,1.0
78,1,1.0
50,1,1.0
106,1,1.0
77,1,1.0
49,1,1.0
105,1,1.0
79,1,1.0
51,1,1.0
107,1,1.0
346,1,1.0
318,1,1.0
374,1,1.0
345,1,1.0
317,1,1.0
373,1,1.0
347,1,1.0
319,1,1.0
375,1,1.0
256,1,1.0
228,1,1.0
284,1,1.0
255,1,1.0
227,1,1.0
283,1,1.0
257,1,1.0
229,1,1.0
285,1,1.0
351,1,1.0
323,1,1.0
379,1,1.0
350,1,1.0
322,1,1.0
378,1,1.0
352,1,1.0
324,1,1.0
380,1,1.0
277,1,1.0
249,1,1.0
305,1,1.0
276,1,1.0
248,1,1.0
304,1,1.0
278,1,1.0
250,1,1.0
306,1,1.0
525,1,1.0
497,1,1.0
553,1,1.0
524,1,1.0
496,1,1.0
552,1,1.0
526,1,1.0
498,1,1.0
554,1,1.0
39,1,1.0
11,1,1.0
67,1,1.0
38,1,1.0
10,1,1.0
66,1,1.0
40,1,1.0
12,1,1.0
68,1,1.0
303,1,1.0
275,1,1.0
331,1,1.0
302,1,1.0
274,1,1.0
330,1,1.0
304,1,1.0
276,1,1.0
332,1,1.0
534,2,0.1
506,2,0.05
562,2,0.05
533,2,0.05
505,2,0.05
561,2,0.05
535,2,0.05
507,2,0.05
563,2,0.05
537,2,0.2
509,2,0.1
565,2,0.1
536,2,0.1
508,2,0.1
564,2,0.1
538,2,0.1
510,2,0.1
566,2,0.1
540,2,0.3
512,2,0.15
568,2,0.15
539,2,0.15
511,2,0.15
567,2,0.15
541,2,0.15
513,2,0.15
569,2,0.15
516,2,0.4
488,2,0.2
544,2,0.2
515,2,0.2
487,2,0.2
543,2,0.2
517,2,0.2
489,2,0.2
545,2,0.2
519,2,0.5
491,2,0.25
547,2,0.25
518,2,0.25
490,2,0.25
546,2,0.25
520,2,0.25
492,2,0.25
548,2,0.25
494,2,0.6
466,2,0.3
522,2,0.3
493,2,0.3
465,2,0.3
521,2,0.3
495,2,0.3
467,2,0.3
523,2,0.3
469,2,0.7
441,2,0.35
497,2,0.35
468,2,0.35
440,2,0.35
496,2,0.35
470,2,0.35
442,2,0.35
498,2,0.35
472,2,0.8
444,2,0.4
500,2,0.4
471,2,0.4
443,2,0.4
499,2,0.4
473,2,0.4
445,2,0.4
501,2,0.4
388,2,0.9
360,2,0.45
416,2,0.45
387,2,0.45
359,2,0.45
415,2,0.45
389,2,0.45
361,2,0.45
417,2,0.45
275,2,1.0
247,2,0.5
303,2,0.5
274,2,0.5
246,2,0.5
302,2,0.5
276,2,0.5
248,2,0.5
304,2,0.5
272,2,1.1
244,2,0.55
300,2,0.55
271,2,0.55
243,2,0.55
299,2,0.55
273,2,0.55
245,2,0.55
301,2,0.55
213,2,1.2
185,2,0.6
241,2,0.6
212,2,0.6
184,2,0.6
240,2,0.6
214,2,0.6
186,2,0.6
242,2,0.6
183,2,1.3
155,2,0.65
211,2,0.65
182,2,0.65
154,2,0.65
210,2,0.65
184,2,0.65
156,2,0.65
212,2,0.65
180,2,1.4
152,2,0.7
208,2,0.7
179,2,0.7
151,2,0.7
207,2,0.7
181,2,0.7
153,2,0.7
209,2,0.7
204,2,1.5
176,2,0.75
232,2,0.75
203,2,0.75
175,2,0.75
231,2,0.75
205,2,0.75
177,2,0.75
233,2,0.75
258,2,1.6
230,2,0.8
286,2,0.8
257,2,0.8
229,2,0.8
285,2,0.8
259,2,0.8
231,2,0.8
287,2,0.8
255,2,1.7
227,2,0.85
283,2,0.85
254,2,0.85
226,2,0.85
282,2,0.85
256,2,0.85
228,2,0.85
284,2,0.85
252,2,1.8
224,2,0.9
280,2,0.9
253,2,0.9
225,2,0.9
281,2,0.9
168,2,1.9
140,2,0.95
196,2,0.95
169,2,0.95
141,2,0.95
197,2,0.95
85,2,2.0
57,2,1.0
113,2,1.0
84,2,1.0
56,2,1.0
112,2,1.0
86,2,1.0
58,2,1.0
114,2,1.0
31,2,2.1
3,2,1.05
59,2,1.05
30,2,1.05
2,2,1.05
58,2,1.05
32,2,1.05
4,2,1.05
60,2,1.05
6,2,2.2
34,2,1.1
5,2,1.1
33,2,1.1
7,2,1.1
35,2,1.1
9,2,2.3
37,2,1.15
8,2,1.15
36,2,1.15
10,2,1.15
38,2,1.15
13,2,2.4
41,2,1.2
12,2,1.2
40,2,1.2
14,2,1.2
42,2,1.2
17,2,2.5
45,2,1.25
16,2,1.25
44,2,1.25
18,2,1.25
46,2,1.25
20,2,2.6
48,2,1.3
19,2,1.3
47,2,1.3
21,2,1.3
49,2,1.3
22,2,2.7
50,2,1.35
21,2,1.35
49,2,1.35
23,2,1.35
51,2,1.35
25,2,2.8
53,2,1.4
24,2,1.4
52,2,1.4
26,2,1.4
54,2,1.4
