675,3
674,3
664,3
657,3
661,3
665,5
649,5
615,5
598,3
596,3
596,2
592,2
594,6
605,1
624,7
650,7
685,7
700,3
696,5
683,5
670,5
656,5
637,5
616,3
608,3
613,3
613,5
603,5
587,5
575,3
568,3
564,5
551,0
526,0
495,0
466,0
434,4
405,4
381,4
361,4
336,4
322,2
325,2
332,2
333,2
330,2
332,2
338,2
331,2
324,2
333,6
359,6
381,2
395,2
408,6
423,2
425,4
411,4
392,4
373,0
354,5
326,5
294,0
253,0
206,5
174,5
149,5
131,5
116,3
114,3
123,3
126,3
129,3
146,7
170,3
184,3
192,3
198,3
210,3
209,3
196,3
186,3
179,5
168,5
154,0
142,7
145,1
160,1
176,6
181,0
174,4
169,4
164,2
163,2
163,6
165,6
166,2
