667,7
669,3
669,5
659,5
639,3
635,3
648,7
671,3
686,3
694,3
702,3
703,3
691,3
683,3
688,3
692,3
685,3
677,3
667,5
656,0
642,0
625,0
603,0
579,4
563,2
560,2
559,2
554,2
556,6
572,2
587,2
582,2
568,2
560,2
551,4
532,4
512,4
498,4
480,4
457,0
429,0
398,0
370,0
341,0
310,4
295,2
290,2
279,4
262,5
254,3
251,3
246,5
229,0
194,5
158,3
158,7
187,7
214,7
233,7
252,7
279,7
305,3
317,3
324,7
338,3
339,0
322,0
291,0
263,5
234,5
208,5
185,5
162,3
152,3
155,3
156,3
153,3
163,7
180,7
183,0
177,4
170,2
166,2
165,2
165,5
163,5
159,0
158,2
157,2
157,2
