153,5
151,4
148,4
142,2
138,4
136,3
140,3
153,7
168,1
189,6
216,6
246,1
277,6
309,6
346,1
392,1
441,1
487,1
536,1
583,1
629,6
659,2
663,2
662,2
665,2
669,2
662,4
642,4
626,4
609,4
585,0
553,0
520,0
485,0
452,0
418,5
382,0
342,0
297,0
260,0
223,0
191,4
163,4
140,4
123,2
123,6
146,6
165,2
167,2
156,2
147,2
151,1
168,7
197,7
227,7
257,1
286,1
310,1
322,2
318,2
311,2
310,2
320,6
335,6
346,6
364,1
396,1
433,1
473,1
510,1
546,1
583,6
611,6
632,6
647,6
653,1
657,7
661,7
663,7
665,7
665,5
664,3
664,3
662,3
657,3
659,3
663,5
