73,0,1.0
45,0,0.5
101,0,0.5
72,0,0.5
44,0,0.25
100,0,0.25
74,0,0.5
46,0,0.25
102,0,0.25
384,0,1.0
356,0,0.5
412,0,0.5
383,0,0.5
355,0,0.25
411,0,0.25
385,0,0.5
357,0,0.25
413,0,0.25
238,0,1.0
210,0,0.5
266,0,0.5
237,0,0.5
209,0,0.25
265,0,0.25
239,0,0.5
211,0,0.25
267,0,0.25
274,0,1.0
246,0,0.5
302,0,0.5
273,0,0.5
245,0,0.25
301,0,0.25
275,0,0.5
247,0,0.25
303,0,0.25
272,0,1.0
244,0,0.5
300,0,0.5
271,0,0.5
243,0,0.25
299,0,0.25
273,0,0.5
245,0,0.25
301,0,0.25
385,0,1.0
357,0,0.5
413,0,0.5
384,0,0.5
356,0,0.25
412,0,0.25
386,0,0.5
358,0,0.25
414,0,0.25
373,0,1.0
345,0,0.5
401,0,0.5
372,0,0.5
344,0,0.25
400,0,0.25
374,0,0.5
346,0,0.25
402,0,0.25
305,0,1.0
277,0,0.5
333,0,0.5
304,0,0.5
276,0,0.25
332,0,0.25
306,0,0.5
278,0,0.25
334,0,0.25
98,0,1.0
70,0,0.5
126,0,0.5
97,0,0.5
69,0,0.25
125,0,0.25
99,0,0.5
71,0,0.25
127,0,0.25
108,0,1.0
80,0,0.5
136,0,0.5
107,0,0.5
79,0,0.25
135,0,0.25
109,0,0.5
81,0,0.25
137,0,0.25
517,0,1.0
489,0,0.5
545,0,0.5
516,0,0.5
488,0,0.25
544,0,0.25
518,0,0.5
490,0,0.25
546,0,0.25
37,1,1.0
9,1,0.25
65,1,0.25
36,1,0.25
8,1,0.05
64,1,0.05
38,1,0.25
10,1,0.05
66,1,0.05
154,1,1.0
126,1,0.25
182,1,0.25
153,1,0.25
125,1,0.05
181,1,0.05
155,1,0.25
127,1,0.05
183,1,0.05
192,1,1.0
164,1,0.25
220,1,0.25
191,1,0.25
163,1,0.05
219,1,0.05
193,1,0.25
165,1,0.05
221,1,0.05
89,1,1.0
61,1,0.25
117,1,0.25
88,1,0.25
60,1,0.05
116,1,0.05
90,1,0.25
62,1,0.05
118,1,0.05
101,1,1.0
73,1,0.25
129,1,0.25
100,1,0.25
72,1,0.05
128,1,0.05
102,1,0.25
74,1,0.05
130,1,0.05
141,1,1.0
113,1,0.25
169,1,0.25
140,1,0.25
112,1,0.05
168,1,0.05
142,1,0.25
114,1,0.05
170,1,0.05
367,1,1.0
339,1,0.25
395,1,0.25
366,1,0.25
338,1,0.05
394,1,0.05
368,1,0.25
340,1,0.05
396,1,0.05
232,1,1.0
204,1,0.25
260,1,0.25
231,1,0.25
203,1,0.05
259,1,0.05
233,1,0.25
205,1,0.05
261,1,0.05
452,1,1.0
424,1,0.25
480,1,0.25
451,1,0.25
423,1,0.05
479,1,0.05
453,1,0.25
425,1,0.05
481,1,0.05
352,1,1.0
324,1,0.25
380,1,0.25
351,1,0.25
323,1,0.05
379,1,0.05
353,1,0.25
325,1,0.05
381,1,0.05
302,1,1.0
274,1,0.25
330,1,0.25
301,1,0.25
273,1,0.05
329,1,0.05
303,1,0.25
275,1,0.05
331,1,0.05
472,1,1.0
444,1,0.25
500,1,0.25
471,1,0.25
443,1,0.05
499,1,0.05
473,1,0.25
445,1,0.05
501,1,0.05
534,2,0.1
537,2,0.2
540,2,0.3
543,2,0.4
546,2,0.5
549,2,0.6
552,2,0.7
528,2,0.8
474,2,0.9
390,2,1.0
306,2,1.1
275,2,1.2
272,2,1.3
269,2,1.4
266,2,1.5
262,2,1.6
315,2,1.7
370,2,1.8
367,2,1.9
364,2,2.0
306,2,2.1
222,2,2.2
138,2,2.3
84,2,2.4
28,2,2.5
31,2,2.6
34,2,2.7
9,2,2.8
13,2,2.9
17,2,3.0
20,2,3.1
22,2,3.2
25,2,3.3
