173,2
173,2
174,6
175,1
175,3
176,3
176,3
175,3
175,3
176,3
176,4
176,1
176,1
177,1
178,4
176,6
179,2
181,2
182,1
195,1
226,7
255,7
281,1
317,1
352,6
388,1
431,1
476,6
514,6
553,6
592,6
619,2
633,2
648,2
662,2
659,4
642,4
620,4
591,0
556,0
509,0
462,0
417,0
376,0
336,0
296,0
261,0
213,0
170,4
137,4
107,4
89,2
83,2
80,2
78,2
89,6
106,2
117,2
129,6
153,6
183,6
220,6
260,1
306,1
355,1
405,1
456,1
504,1
550,1
591,1
620,1
639,1
653,1
663,1
666,0
663,0
658,0
657,6
659,1
663,1
668,1
671,1
674,6
676,1
677,5
676,3
