686,1
696,7
710,3
717,3
722,3
728,3
730,3
721,3
715,3
721,3
726,3
720,3
717,3
720,3
718,3
714,3
724,7
746,3
758,3
752,3
742,3
733,5
712,0
681,0
651,0
608,0
565,0
530,0
499,0
465,0
437,4
411,4
382,4
349,4
331,2
321,2
307,4
288,2
281,2
287,2
290,2
293,2
307,6
330,6
350,6
372,6
401,6
429,2
445,2
454,2
457,4
447,4
425,4
394,0
352,0
306,0
266,0
221,0
174,5
142,5
120,3
103,3
102,3
109,3
106,3
101,3
112,7
132,3
149,3
163,7
187,7
218,3
228,3
230,3
232,3
222,5
191,5
169,5
156,3
150,5
145,5
143,6
146,6
153,6
161,6
165,6
167,2
170,2
173,6
182,1
199,1
