73,0,1.0
45,0,0.5
101,0,0.5
72,0,0.5
44,0,0.5
100,0,0.5
74,0,0.5
46,0,0.5
102,0,0.5
384,0,1.0
356,0,0.5
412,0,0.5
383,0,0.5
355,0,0.5
411,0,0.5
385,0,0.5
357,0,0.5
413,0,0.5
238,0,1.0
210,0,0.5
266,0,0.5
237,0,0.5
209,0,0.5
265,0,0.5
239,0,0.5
211,0,0.5
267,0,0.5
274,0,1.0
246,0,0.5
302,0,0.5
273,0,0.5
245,0,0.5
301,0,0.5
275,0,0.5
247,0,0.5
303,0,0.5
272,0,1.0
244,0,0.5
300,0,0.5
271,0,0.5
243,0,0.5
299,0,0.5
273,0,0.5
245,0,0.5
301,0,0.5
385,0,1.0
357,0,0.5
413,0,0.5
384,0,0.5
356,0,0.5
412,0,0.5
386,0,0.5
358,0,0.5
414,0,0.5
373,0,1.0
345,0,0.5
401,0,0.5
372,0,0.5
344,0,0.5
400,0,0.5
374,0,0.5
346,0,0.5
402,0,0.5
305,0,1.0
277,0,0.5
333,0,0.5
304,0,0.5
276,0,0.5
332,0,0.5
306,0,0.5
278,0,0.5
334,0,0.5
98,0,1.0
70,0,0.5
126,0,0.5
97,0,0.5
69,0,0.5
125,0,0.5
99,0,0.5
71,0,0.5
127,0,0.5
512,0,1.0
484,0,0.5
540,0,0.5
511,0,0.5
483,0,0.5
539,0,0.5
513,0,0.5
485,0,0.5
541,0,0.5
108,0,1.0
80,0,0.5
136,0,0.5
107,0,0.5
79,0,0.5
135,0,0.5
109,0,0.5
81,0,0.5
137,0,0.5
517,0,1.0
489,0,0.5
545,0,0.5
516,0,0.5
488,0,0.5
544,0,0.5
518,0,0.5
490,0,0.5
546,0,0.5
37,1,0.5
9,1,0.5
65,1,0.5
36,1,0.5
8,1,0.5
64,1,0.5
38,1,0.5
10,1,0.5
66,1,0.5
154,1,0.5
126,1,0.5
182,1,0.5
153,1,0.5
125,1,0.5
181,1,0.5
155,1,0.5
127,1,0.5
183,1,0.5
192,1,0.5
164,1,0.5
220,1,0.5
191,1,0.5
163,1,0.5
219,1,0.5
193,1,0.5
165,1,0.5
221,1,0.5
89,1,0.5
61,1,0.5
117,1,0.5
88,1,0.5
60,1,0.5
116,1,0.5
90,1,0.5
62,1,0.5
118,1,0.5
101,1,0.5
73,1,0.5
129,1,0.5
100,1,0.5
72,1,0.5
128,1,0.5
102,1,0.5
74,1,0.5
130,1,0.5
141,1,0.5
113,1,0.5
169,1,0.5
140,1,0.5
112,1,0.5
168,1,0.5
142,1,0.5
114,1,0.5
170,1,0.5
367,1,0.5
339,1,0.5
395,1,0.5
366,1,0.5
338,1,0.5
394,1,0.5
368,1,0.5
340,1,0.5
396,1,0.5
232,1,0.5
204,1,0.5
260,1,0.5
231,1,0.5
203,1,0.5
259,1,0.5
233,1,0.5
205,1,0.5
261,1,0.5
452,1,0.5
424,1,0.5
480,1,0.5
451,1,0.5
423,1,0.5
479,1,0.5
453,1,0.5
425,1,0.5
481,1,0.5
352,1,0.5
324,1,0.5
380,1,0.5
351,1,0.5
323,1,0.5
379,1,0.5
353,1,0.5
325,1,0.5
381,1,0.5
302,1,0.5
274,1,0.5
330,1,0.5
301,1,0.5
273,1,0.5
329,1,0.5
303,1,0.5
275,1,0.5
331,1,0.5
472,1,0.5
444,1,0.5
500,1,0.5
471,1,0.5
443,1,0.5
499,1,0.5
473,1,0.5
445,1,0.5
501,1,0.5
534,2,0.1
537,2,0.2
540,2,0.3
543,2,0.4
546,2,0.5
549,2,0.6
552,2,0.7
528,2,0.8
474,2,0.9
390,2,1.0
306,2,1.1
275,2,1.2
272,2,1.3
269,2,1.4
266,2,1.5
262,2,1.6
315,2,1.7
370,2,1.8
367,2,1.9
364,2,2.0
306,2,2.1
222,2,2.2
138,2,2.3
84,2,2.4
28,2,2.5
31,2,2.6
34,2,2.7
9,2,2.8
13,2,2.9
17,2,3.0
20,2,3.1
22,2,3.2
25,2,3.3
