671,5
666,3
665,3
671,3
682,3
682,3
667,3
659,3
662,3
662,3
662,3
675,3
689,3
695,3
705,3
715,3
711,3
697,3
685,3
670,5
640,5
606,5
572,0
536,0
497,0
458,0
421,4
401,2
394,2
387,2
386,2
399,2
405,2
396,2
379,2
369,2
372,2
382,6
403,6
440,6
476,6
499,6
519,2
533,2
530,2
517,2
503,4
478,4
437,0
395,0
349,0
302,5
258,5
212,5
175,5
157,3
145,3
130,3
129,3
144,3
153,3
160,3
175,3
183,3
175,3
171,3
180,3
186,3
182,3
178,3
173,5
161,5
148,3
146,6
152,2
156,6
160,1
163,3
162,7
163,1
168,1
170,7
171,5
171,4
170,2
