680,5
673,5
668,5
665,5
663,3
662,5
660,3
662,3
667,3
678,3
689,3
693,3
690,3
686,3
685,3
688,3
689,3
686,3
685,3
690,3
701,3
709,3
711,3
710,3
705,3
698,5
688,5
669,5
651,5
636,5
622,5
602,0
571,0
542,4
513,4
486,4
470,2
460,2
452,2
441,2
432,2
426,2
418,4
399,4
377,2
359,2
342,4
324,4
305,2
294,2
286,4
269,4
239,0
209,0
177,0
149,5
135,3
130,3
123,3
112,3
107,3
113,3
122,3
120,3
118,3
121,3
133,3
142,3
149,3
155,3
162,3
169,3
168,3
164,3
163,3
168,3
173,3
172,3
166,5
158,5
154,3
155,7
157,1
159,2
160,2
159,4
154,4
144,4
135,2
136,6
149,6
162,6
164,0
160,7
165,7
172,7
174,0
172,4
171,0
170,0
168,4
165,0
161,5
