42,2,0.279476823754
44,0,0.0786339656474
45,2,0.287078519021
48,2,0.29
51,2,0.287078519021
54,2,0.279476823754
57,2,0.265583671664
60,2,0.248286553114
71,2,0.726540145902
73,2,0.166915168357
74,2,1.65330128353
76,0,1.27229020177
76,2,0.0779958376736
77,0,0.843431728716
77,2,1.693242767
80,2,1.71
83,2,1.693242767
84,0,0.412685411671
84,2,0.0779958376736
85,0,1.44673019145
86,2,1.65330128353
87,2,0.166915168357
89,2,1.58987806691
90,2,0.265583671664
92,2,1.52198326389
93,2,0.3542478923
99,2,0.210586688325
100,2,1.15029416855
102,2,0.128717017659
103,2,1.18655055474
117,0,1.09808908344
119,1,0.595532412233
130,2,0.102369899058
132,2,0.70308057305
145,1,0.557974302661
146,1,0.0262077564259
148,0,0.300654556372
149,0,1.46349496602
149,1,0.830868373716
150,1,0.626125522073
151,1,1.11965582549
162,2,1.39916724457
163,2,0.557432843851
177,1,2.10202167845
178,1,0.357020816907
212,0,0.125000091496
213,0,0.858875758024
218,1,1.16433359602
226,2,0.016341763307
244,0,0.281431975549
245,0,1.13975821225
248,0,0.066421094602
250,1,0.513978778362
258,2,1.42129454815
259,2,0.566507760747
261,2,0.42503968304
262,2,0.0402806323353
264,2,0.38058652593
265,2,0.107250676925
279,0,0.853500311252
280,0,1.26412826645
293,2,1.12793348878
294,2,0.543806331562
296,2,1.05
297,2,0.635265593604
331,2,1.01511421982
332,2,0.763068312315
336,1,0.075119939961
337,1,1.53446193353
363,2,0.253575080343
364,2,0.1
366,2,1.05
367,2,0.95
369,2,0.95
370,2,1.05
372,2,0.86
373,2,1.14
375,2,0.0383680263617
376,2,0.3005883371
393,1,1.42579671274
407,2,0.670338388912
408,2,1.10111179783
410,2,0.297619314019
411,2,0.759798403484
422,0,0.0184994374482
423,0,0.527033572197
425,1,0.242382374015
431,0,0.685602511058
435,0,0.498332121806
436,0,1.49765348516
442,2,0.357410580821
443,2,0.843237275843
444,0,0.545757720076
454,0,0.5151550973
455,0,1.33063462659
462,0,0.259997298397
463,0,1.37347160587
464,0,0.0606378647168
465,0,0.1725662693
468,0,0.374735842877
476,0,1.53355699576
477,0,0.249729628036
496,0,0.922415568749
497,0,1.14001351476
507,2,0.57199439777
508,2,0.387796538895
518,0,1.2558197739
519,0,0.704584463053
531,0,0.0790683095693
532,0,0.201880754791
539,2,0.783776336359
540,2,0.57199439777
550,0,0.379281893844
551,0,0.0632438501262
561,1,0.392786279721
563,0,0.906636319918
564,0,1.14052434728
564,1,0.148924977765
567,1,0.726424993523
568,1,0.950556825931
569,2,0.180054945884
570,2,1.73129942315
589,1,1.23355543954
590,1,0.184819200141
592,1,0.223524698644
593,1,0.891210612111
595,1,0.48969485514
596,1,0.840763418516
599,2,0.246375182657
600,2,0.545627282984
601,1,1.10892758974
602,1,0.570454753435
602,2,0.180054945884
619,2,0.852306661168
620,2,0.629890515324
621,1,0.170533529051
622,2,0.783406394888
623,2,0.703813285055
625,2,0.703813285055
626,2,0.783406394888
628,2,0.629890515324
629,2,0.852306661168
631,2,0.545627282984
632,2,0.925197692596
645,2,1.27909778749
646,2,0.628978483028
648,2,1.18655055474
649,2,0.726540145902
651,2,0.490960570429
652,2,0.315600997388
654,2,0.437918055927
655,2,0.375161546491
657,2,0.375161546491
658,2,0.437918055927
660,2,0.315600997388
661,2,0.490960570429
677,2,0.167051555553
680,2,0.128717017659
