86,4
83,5
80,3
80,7
89,1
107,1
125,1
142,1
160,1
173,1
182,1
188,6
190,2
190,4
187,4
181,4
179,6
181,6
188,6
195,1
209,1
228,1
241,6
251,6
260,6
274,1
298,1
328,1
354,6
382,6
406,1
433,1
466,1
494,1
522,1
549,1
585,1
619,6
642,6
659,6
673,2
683,2
684,4
675,0
653,0
632,0
605,0
575,0
546,0
512,0
480,0
446,0
412,0
379,0
341,0
305,4
272,4
245,4
220,4
204,2
200,2
201,2
198,2
199,6
210,6
229,6
247,6
265,6
287,1
318,1
347,1
373,6
400,1
425,1
459,1
491,6
519,6
539,6
561,1
586,1
608,6
621,6
634,6
646,1
663,1
679,1
688,7
691,3
691,1
693,6
695,2
694,2
694,2
694,2
694,4
693,0
691,4
