42,2,0.279476823754
45,2,0.287078519021
48,2,0.29
51,2,0.287078519021
54,2,0.279476823754
57,2,0.265583671664
60,2,0.248286553114
71,2,0.726540145902
73,2,0.166915168357
74,2,1.65330128353
76,2,0.0779958376736
77,2,1.693242767
78,1,1.28595617897
80,2,1.71
83,2,1.693242767
84,2,0.0779958376736
86,2,1.65330128353
87,2,0.166915168357
89,2,1.58987806691
90,2,0.265583671664
92,2,1.52198326389
93,2,0.3542478923
102,2,0.128717017659
103,2,1.18655055474
110,1,0.406123708599
120,1,0.524350992211
131,2,0.355980535395
132,2,1.52798305115
140,1,1.34649156912
152,1,1.01004209449
164,2,0.238523346734
172,1,0.335652164936
201,0,0.0990629984963
202,0,0.689919868416
226,2,1.31494525766
227,2,0.52037166829
231,0,0.655834555628
232,0,2.65075494349
233,0,0.929156146726
234,0,1.2305763542
245,1,0.855453626562
246,0,0.647041617048
246,1,0.855453626562
258,2,0.282647386237
264,0,0.792348613728
265,0,0.149615130262
267,2,0.331317885276
268,2,0.171202580929
270,2,1.04475134127
271,2,0.945248844514
273,2,0.945248844514
274,2,1.04475134127
276,2,0.171202580929
277,2,0.331317885276
278,0,1.40430183385
279,0,0.281048694566
299,2,0.968253907204
300,2,0.725441252825
308,2,0.725441252825
309,2,0.968253907204
322,2,1.2548154591
323,2,0.491590241347
328,2,1.10111179783
329,2,0.670338388912
342,2,0.214278857156
343,2,1.44430224042
347,1,0.0444272574041
348,1,1.46730781381
354,2,0.37663928839
357,2,1.34
358,1,0.0244279911545
358,2,0.66
359,1,1.60742383265
360,2,0.3005883371
361,2,0.0383680263617
375,2,0.454425673091
377,1,0.101778833724
377,2,1.71
378,1,1.27107208922
378,2,0.29
380,1,0.0712355542267
410,1,0.214863103603
430,1,0.405960384868
437,0,1.18376845849
438,0,0.940292649518
452,0,0.0497983086518
453,0,0.239147682469
456,0,0.900228272787
457,0,0.884369174137
462,1,1.15227116996
466,1,1.50413431119
467,1,0.164283052735
474,2,0.656273837421
475,2,1.33246722927
484,0,0.840738811916
485,0,1.19924988329
488,0,0.415870429976
489,0,0.404819514204
521,1,0.62859106357
522,1,1.08379160238
532,0,0.23555979764
533,0,0.514327160775
534,0,0.514327160775
537,1,1.24761040074
538,1,0.12014220172
562,0,0.742534845334
563,0,1.32718756026
564,0,1.85360356746
565,0,1.03290803706
566,0,0.817149557421
568,2,0.119574516233
569,1,0.219718641144
570,2,0.646596881931
571,2,1.31319580665
581,0,0.634858816056
582,0,0.906355182449
595,0,0.271824626733
596,0,0.0109117337222
596,2,0.315600997388
597,2,0.490960570429
599,2,0.728780113434
600,2,1.19006173075
603,2,0.0734227241037
613,0,0.442515151173
614,0,0.674025796185
622,2,0.783406394888
623,2,0.703813285055
625,2,0.703813285055
626,2,0.783406394888
628,2,0.629890515324
629,2,0.852306661168
632,1,1.66835272439
645,2,0.0734227241037
648,2,0.0369156920804
651,2,1.09242080235
652,2,0.823692217147
654,2,0.437918055927
655,2,0.375161546491
657,2,0.375161546491
658,2,0.437918055927
662,0,0.458871243404
663,0,1.64435490232
664,1,0.00929884345005
677,2,1.31319580665
678,2,0.646596881931
680,2,1.21660993113
681,2,0.745527999515
683,2,0.0859205868094
695,0,0.206037696119
