701,3
700,3
694,3
691,3
691,3
690,3
687,3
684,3
684,3
682,3
675,3
666,3
660,3
661,3
659,3
647,5
628,5
616,3
607,5
596,5
571,0
541,0
518,4
491,4
470,2
456,2
442,4
424,4
404,2
392,2
383,2
372,2
363,2
360,2
359,2
350,2
332,4
314,4
291,4
264,4
231,4
199,0
171,0
154,3
150,3
154,3
156,3
153,3
149,3
150,3
154,3
155,3
152,3
154,3
161,3
162,3
160,3
164,3
173,3
173,3
164,3
158,3
159,3
166,3
168,3
165,5
164,3
164,6
165,2
167,2
164,4
155,4
147,2
150,6
153,2
152,0
151,5
150,7
156,1
174,6
193,6
201,6
204,7
206,3
205,3
