60,0,1.0
32,0,0.5
88,0,0.5
59,0,0.5
31,0,0.5
87,0,0.5
61,0,0.5
33,0,0.5
89,0,0.5
93,0,1.0
65,0,0.5
121,0,0.5
92,0,0.5
64,0,0.5
120,0,0.5
94,0,0.5
66,0,0.5
122,0,0.5
218,0,1.0
190,0,0.5
246,0,0.5
217,0,0.5
189,0,0.5
245,0,0.5
219,0,0.5
191,0,0.5
247,0,0.5
184,0,1.0
156,0,0.5
212,0,0.5
183,0,0.5
155,0,0.5
211,0,0.5
185,0,0.5
157,0,0.5
213,0,0.5
199,0,1.0
171,0,0.5
227,0,0.5
198,0,0.5
170,0,0.5
226,0,0.5
200,0,0.5
172,0,0.5
228,0,0.5
64,0,1.0
36,0,0.5
92,0,0.5
63,0,0.5
35,0,0.5
91,0,0.5
65,0,0.5
37,0,0.5
93,0,0.5
185,0,1.0
157,0,0.5
213,0,0.5
184,0,0.5
156,0,0.5
212,0,0.5
186,0,0.5
158,0,0.5
214,0,0.5
433,0,1.0
405,0,0.5
461,0,0.5
432,0,0.5
404,0,0.5
460,0,0.5
434,0,0.5
406,0,0.5
462,0,0.5
75,0,1.0
47,0,0.5
103,0,0.5
74,0,0.5
46,0,0.5
102,0,0.5
76,0,0.5
48,0,0.5
104,0,0.5
513,0,1.0
485,0,0.5
541,0,0.5
512,0,0.5
484,0,0.5
540,0,0.5
514,0,0.5
486,0,0.5
542,0,0.5
488,0,1.0
460,0,0.5
516,0,0.5
487,0,0.5
459,0,0.5
515,0,0.5
489,0,0.5
461,0,0.5
517,0,0.5
395,1,0.5
367,1,0.5
423,1,0.5
394,1,0.5
366,1,0.5
422,1,0.5
396,1,0.5
368,1,0.5
424,1,0.5
495,1,0.5
467,1,0.5
523,1,0.5
494,1,0.5
466,1,0.5
522,1,0.5
496,1,0.5
468,1,0.5
524,1,0.5
415,1,0.5
387,1,0.5
443,1,0.5
414,1,0.5
386,1,0.5
442,1,0.5
416,1,0.5
388,1,0.5
444,1,0.5
415,1,0.5
387,1,0.5
443,1,0.5
414,1,0.5
386,1,0.5
442,1,0.5
416,1,0.5
388,1,0.5
444,1,0.5
332,1,0.5
304,1,0.5
360,1,0.5
331,1,0.5
303,1,0.5
359,1,0.5
333,1,0.5
305,1,0.5
361,1,0.5
422,1,0.5
394,1,0.5
450,1,0.5
421,1,0.5
393,1,0.5
449,1,0.5
423,1,0.5
395,1,0.5
451,1,0.5
65,1,0.5
37,1,0.5
93,1,0.5
64,1,0.5
36,1,0.5
92,1,0.5
66,1,0.5
38,1,0.5
94,1,0.5
288,1,0.5
260,1,0.5
316,1,0.5
287,1,0.5
259,1,0.5
315,1,0.5
289,1,0.5
261,1,0.5
317,1,0.5
397,1,0.5
369,1,0.5
425,1,0.5
396,1,0.5
368,1,0.5
424,1,0.5
398,1,0.5
370,1,0.5
426,1,0.5
29,1,0.5
1,1,0.5
57,1,0.5
28,1,0.5
0,1,0.5
56,1,0.5
30,1,0.5
2,1,0.5
58,1,0.5
189,1,0.5
161,1,0.5
217,1,0.5
188,1,0.5
160,1,0.5
216,1,0.5
190,1,0.5
162,1,0.5
218,1,0.5
455,1,0.5
427,1,0.5
483,1,0.5
454,1,0.5
426,1,0.5
482,1,0.5
456,1,0.5
428,1,0.5
484,1,0.5
532,2,0.1
449,2,0.2
395,2,0.3
340,2,0.4
258,2,0.5
175,2,0.6
121,2,0.7
95,2,0.8
70,2,0.9
100,2,1.0
184,2,1.1
268,2,1.2
350,2,1.3
435,2,1.4
519,2,1.5
522,2,1.6
440,2,1.7
385,2,1.8
274,2,1.9
191,2,2.0
107,2,2.1
53,2,2.2
