506,7
506,7
506,7
507,7
534,7
534,3
535,3
536,3
537,3
538,3
538,3
568,3
569,3
571,3
572,3
573,3
574,3
575,3
576,3
577,5
549,0
522,0
494,0
466,0
439,0
439,0
409,4
409,2
409,2
408,2
407,2
407,2
406,2
405,2
433,2
431,2
430,2
399,2
398,2
397,4
368,4
338,4
338,7
338,7
338,7
338,0
338,4
311,0
283,0
283,0
254,0
226,0
197,0
170,0
142,0
85,0
57,5
1,5
-24,5
-24,3
-23,3
-50,3
-49,3
-48,3
-46,3
-45,3
-43,3
-42,3
-40,3
-38,3
-37,3
-35,3
-4,7
-3,7
25,7
53,7
82,1
82,1
110,7
111,7
111,7
111,7
111,6
139,6
139,2
138,7
138,4
