250,3
251,0
250,2
247,2
243,6
245,7
254,7
266,7
278,7
293,7
308,1
322,1
342,1
361,6
381,6
404,6
432,6
462,6
487,6
509,6
536,6
566,6
590,6
612,6
637,6
662,2
670,2
667,2
662,2
662,2
661,2
655,4
644,4
633,4
623,4
610,4
586,4
552,4
523,0
499,0
479,5
458,5
432,0
399,0
363,0
327,0
292,0
253,4
213,4
174,4
147,2
139,2
141,6
150,6
162,1
178,6
188,4
179,4
156,4
145,2
148,2
157,2
167,6
180,6
200,1
233,1
269,1
307,1
341,1
377,1
421,1
459,1
498,1
534,1
574,1
604,6
629,6
649,6
666,1
679,1
688,1
693,1
695,0
692,0
686,0
680,5
675,5
672,5
669,3
666,3
