668,3
667,3
666,3
663,5
660,5
656,3
659,7
672,7
692,7
711,7
722,3
733,7
748,3
762,3
762,3
762,3
762,3
758,3
746,3
733,3
723,3
710,5
692,5
676,3
663,5
642,5
612,5
573,5
543,0
517,4
489,4
462,4
433,4
410,2
395,2
380,2
367,2
351,2
342,2
342,2
342,2
337,2
334,2
325,4
304,4
285,2
275,2
271,4
254,4
226,0
197,0
167,0
146,5
140,3
140,3
139,3
131,5
107,5
81,3
66,3
61,3
64,3
72,7
94,7
122,7
138,3
142,3
139,3
128,3
113,3
97,3
88,3
96,3
111,3
117,3
120,7
126,1
138,6
156,6
171,6
183,1
194,7
202,7
207,1
210,4
