685,3
689,3
690,3
693,3
699,3
707,3
708,3
705,3
707,3
709,3
705,3
696,3
690,3
684,5
673,5
653,5
632,5
620,5
608,5
591,0
567,0
544,5
524,0
508,4
492,4
473,4
452,4
424,4
396,4
373,4
353,4
336,4
320,2
311,2
314,2
317,2
318,2
326,6
350,6
380,6
402,6
419,2
430,2
436,2
430,4
408,4
380,4
354,0
325,0
296,5
266,5
237,5
206,5
180,5
155,5
131,5
106,5
85,3
73,3
68,3
67,3
70,3
80,3
95,3
99,3
97,3
98,3
103,3
105,3
107,3
113,3
126,7
140,7
151,7
160,7
172,6
185,6
197,6
206,1
214,1
219,2
218,4
216,6
216,5
216,5
