155,5
152,5
148,5
144,5
141,3
141,3
141,5
141,1
142,1
143,7
143,0
143,0
142,3
142,3
142,7
143,1
144,6
144,2
144,6
145,4
144,0
144,3
144,3
143,6
146,6
152,6
163,6
174,6
193,1
222,1
249,6
277,6
308,1
338,1
372,1
402,6
433,1
462,1
495,1
529,1
561,6
594,6
622,6
651,6
673,6
682,2
683,2
678,2
673,4
662,0
642,0
616,0
590,0
562,0
530,0
497,0
464,0
438,4
410,4
382,0
349,0
315,4
286,4
258,4
232,4
207,4
193,2
191,2
193,2
198,2
205,6
218,6
243,6
268,6
292,6
316,6
341,6
373,6
401,6
429,6
457,6
485,1
516,6
544,6
570,6
593,1
618,1
643,1
662,1
680,1
690,4
689,0
682,5
677,7
678,7
682,7
684,3
686,3
686,3
685,3
686,7
