160,6
161,0
160,0
154,0
145,5
135,5
128,5
124,2
123,2
124,2
126,6
133,6
147,6
164,6
184,6
206,6
235,6
264,1
295,1
330,1
369,1
405,1
442,1
477,1
511,1
543,6
575,6
605,6
630,6
652,2
660,2
659,2
655,2
648,4
631,4
604,4
570,4
536,0
499,0
463,0
423,0
385,0
344,0
305,0
264,0
235,4
209,4
184,4
161,4
146,2
142,2
139,2
130,2
121,2
122,2
132,2
142,2
153,6
175,6
205,6
233,6
260,1
289,1
321,1
353,1
393,1
428,1
465,1
503,1
538,1
572,1
598,7
617,1
632,1
647,1
659,7
664,3
662,5
658,3
659,7
665,1
670,1
672,7
672,7
673,3
673,7
674,1
674,6
