701,3
697,3
693,3
695,3
701,3
701,3
696,3
693,3
696,3
698,3
693,3
687,3
687,3
691,3
691,3
685,3
676,3
670,3
663,5
653,5
635,0
616,0
596,0
572,4
553,4
535,4
516,4
495,4
474,4
462,2
452,2
440,4
423,4
406,2
393,2
380,2
367,2
352,2
345,2
340,2
333,2
320,4
305,4
289,4
273,4
252,0
223,0
196,0
177,0
160,5
151,3
149,3
149,3
147,3
143,3
143,3
147,3
152,3
149,3
142,3
140,3
142,3
143,3
142,3
144,3
150,3
157,3
158,3
156,3
158,3
161,3
163,3
160,3
153,3
150,3
150,7
152,3
151,0
148,4
145,2
142,2
142,6
144,1
147,1
149,7
150,7
154,1
