168,7
170,3
170,3
170,3
171,3
172,7
174,7
175,7
178,7
182,1
185,2
187,2
190,2
194,6
208,1
238,1
270,6
301,6
334,1
368,1
410,1
450,1
492,1
532,1
573,1
610,6
639,6
662,6
682,6
700,2
705,2
704,2
706,2
707,4
697,4
677,0
648,4
623,4
594,4
565,4
534,4
508,4
482,4
454,0
421,0
384,0
347,0
312,5
280,5
249,0
221,4
195,4
171,4
149,4
136,2
130,2
125,2
116,2
116,6
131,6
153,6
178,6
210,1
245,1
287,1
324,1
364,1
401,1
440,1
474,1
506,1
540,1
572,1
605,1
631,1
653,1
671,7
679,3
680,3
681,1
684,1
688,1
691,6
692,4
691,5
690,7
691,3
690,0
687,0
