60,0,1.0
32,0,1.0
88,0,1.0
59,0,1.0
31,0,1.0
87,0,1.0
61,0,1.0
33,0,1.0
89,0,1.0
93,0,1.0
65,0,1.0
121,0,1.0
92,0,1.0
64,0,1.0
120,0,1.0
94,0,1.0
66,0,1.0
122,0,1.0
218,0,1.0
190,0,1.0
246,0,1.0
217,0,1.0
189,0,1.0
245,0,1.0
219,0,1.0
191,0,1.0
247,0,1.0
184,0,1.0
156,0,1.0
212,0,1.0
183,0,1.0
155,0,1.0
211,0,1.0
185,0,1.0
157,0,1.0
213,0,1.0
199,0,1.0
171,0,1.0
227,0,1.0
198,0,1.0
170,0,1.0
226,0,1.0
200,0,1.0
172,0,1.0
228,0,1.0
64,0,1.0
36,0,1.0
92,0,1.0
63,0,1.0
35,0,1.0
91,0,1.0
65,0,1.0
37,0,1.0
93,0,1.0
185,0,1.0
157,0,1.0
213,0,1.0
184,0,1.0
156,0,1.0
212,0,1.0
186,0,1.0
158,0,1.0
214,0,1.0
433,0,1.0
405,0,1.0
461,0,1.0
432,0,1.0
404,0,1.0
460,0,1.0
434,0,1.0
406,0,1.0
462,0,1.0
75,0,1.0
47,0,1.0
103,0,1.0
74,0,1.0
46,0,1.0
102,0,1.0
76,0,1.0
48,0,1.0
104,0,1.0
513,0,1.0
485,0,1.0
541,0,1.0
512,0,1.0
484,0,1.0
540,0,1.0
514,0,1.0
486,0,1.0
542,0,1.0
488,0,1.0
460,0,1.0
516,0,1.0
487,0,1.0
459,0,1.0
515,0,1.0
489,0,1.0
461,0,1.0
517,0,1.0
395,1,1.0
367,1,1.0
423,1,1.0
394,1,1.0
366,1,1.0
422,1,1.0
396,1,1.0
368,1,1.0
424,1,1.0
495,1,1.0
467,1,1.0
523,1,1.0
494,1,1.0
466,1,1.0
522,1,1.0
496,1,1.0
468,1,1.0
524,1,1.0
415,1,1.0
387,1,1.0
443,1,1.0
414,1,1.0
386,1,1.0
442,1,1.0
416,1,1.0
388,1,1.0
444,1,1.0
415,1,1.0
387,1,1.0
443,1,1.0
414,1,1.0
386,1,1.0
442,1,1.0
416,1,1.0
388,1,1.0
444,1,1.0
332,1,1.0
304,1,1.0
360,1,1.0
331,1,1.0
303,1,1.0
359,1,1.0
333,1,1.0
305,1,1.0
361,1,1.0
422,1,1.0
394,1,1.0
450,1,1.0
421,1,1.0
393,1,1.0
449,1,1.0
423,1,1.0
395,1,1.0
451,1,1.0
65,1,1.0
37,1,1.0
93,1,1.0
64,1,1.0
36,1,1.0
92,1,1.0
66,1,1.0
38,1,1.0
94,1,1.0
288,1,1.0
260,1,1.0
316,1,1.0
287,1,1.0
259,1,1.0
315,1,1.0
289,1,1.0
261,1,1.0
317,1,1.0
397,1,1.0
369,1,1.0
425,1,1.0
396,1,1.0
368,1,1.0
424,1,1.0
398,1,1.0
370,1,1.0
426,1,1.0
29,1,1.0
1,1,1.0
57,1,1.0
28,1,1.0
0,1,1.0
56,1,1.0
30,1,1.0
2,1,1.0
58,1,1.0
189,1,1.0
161,1,1.0
217,1,1.0
188,1,1.0
160,1,1.0
216,1,1.0
190,1,1.0
162,1,1.0
218,1,1.0
455,1,1.0
427,1,1.0
483,1,1.0
454,1,1.0
426,1,1.0
482,1,1.0
456,1,1.0
428,1,1.0
484,1,1.0
532,2,0.1
504,2,0.05
560,20.05
533,20.05
505,20.05
561,20.05
449,2,0.2
421,2,0.1
477,20.1
448,20.1
420,20.1
476,20.1
450,20.1
422,20.1
478,20.1
395,2,0.3
367,2,0.15
423,20.15
394,20.15
366,20.15
422,20.15
396,20.15
368,20.15
424,20.15
340,2,0.4
312,2,0.2
368,20.2
339,20.2
311,20.2
367,20.2
341,20.2
313,20.2
369,20.2
258,2,0.5
230,2,0.25
286,20.25
257,20.25
229,20.25
285,20.25
259,20.25
231,20.25
287,20.25
175,2,0.6
147,2,0.3
203,20.3
174,20.3
146,20.3
202,20.3
176,20.3
148,20.3
204,20.3
121,2,0.7
93,2,0.35
149,20.35
120,20.35
92,20.35
148,20.35
122,20.35
94,20.35
150,20.35
95,2,0.8
67,2,0.4
123,20.4
94,20.4
66,20.4
122,20.4
96,20.4
68,20.4
124,20.4
70,2,0.9
42,2,0.45
98,20.45
69,20.45
41,20.45
97,20.45
71,20.45
43,20.45
99,20.45
100,2,1.0
72,2,0.5
128,20.5
99,20.5
71,20.5
127,20.5
101,20.5
73,20.5
129,20.5
184,2,1.1
156,2,0.55
212,20.55
183,20.55
155,20.55
211,20.55
185,20.55
157,20.55
213,20.55
268,2,1.2
240,2,0.6
296,20.6
267,20.6
239,20.6
295,20.6
269,20.6
241,20.6
297,20.6
350,2,1.3
322,2,0.65
378,20.65
349,20.65
321,20.65
377,20.65
351,20.65
323,20.65
379,20.65
435,2,1.4
407,2,0.7
463,20.7
434,20.7
406,20.7
462,20.7
436,20.7
408,20.7
464,20.7
519,2,1.5
491,2,0.75
547,20.75
518,20.75
490,20.75
546,20.75
520,20.75
492,20.75
548,20.75
522,2,1.6
494,2,0.8
550,20.8
521,20.8
493,20.8
549,20.8
523,20.8
495,20.8
551,20.8
440,2,1.7
412,2,0.85
468,20.85
439,20.85
411,20.85
467,20.85
441,20.85
413,20.85
469,20.85
385,2,1.8
357,2,0.9
413,20.9
384,20.9
356,20.9
412,20.9
386,20.9
358,20.9
414,20.9
274,2,1.9
246,2,0.95
302,20.95
273,20.95
245,20.95
301,20.95
275,20.95
247,20.95
303,20.95
191,2,2.0
163,2,1.0
219,21.0
190,21.0
162,21.0
218,21.0
192,21.0
164,21.0
220,21.0
107,2,2.1
79,2,1.05
135,21.05
106,21.05
78,21.05
134,21.05
108,21.05
80,21.05
136,21.05
53,2,2.2
25,2,1.1
81,21.1
52,21.1
24,21.1
80,21.1
54,21.1
26,21.1
82,21.1
