126,7
127,1
128,7
129,7
130,3
130,7
131,3
132,7
135,1
142,1
156,1
180,1
210,1
249,1
289,1
326,1
365,1
402,1
439,6
469,6
498,6
527,6
556,1
597,1
631,6
664,6
686,2
691,2
685,2
682,2
686,2
683,4
668,4
647,4
625,4
599,4
573,4
546,4
521,0
494,0
469,5
444,0
425,0
401,0
363,0
325,0
287,0
259,4
233,0
207,0
179,4
156,4
142,2
137,2
136,2
141,2
149,2
145,2
134,2
136,6
150,6
170,6
194,6
222,1
257,1
292,1
329,1
370,1
408,1
449,1
484,1
521,1
554,1
590,1
618,6
642,6
660,7
667,3
664,3
663,7
668,1
674,6
676,6
677,7
678,7
679,1
682,2
681,4
