673,3
678,3
681,3
676,3
670,3
670,3
678,3
682,3
685,3
689,3
694,3
695,3
688,3
686,3
682,3
672,5
656,5
638,5
624,5
607,0
579,0
544,0
517,4
497,4
480,4
463,4
437,4
410,4
394,2
386,2
379,2
373,2
373,6
388,6
409,6
432,6
456,6
479,6
499,2
510,2
511,2
510,2
507,4
493,4
467,4
440,4
412,4
379,0
343,0
307,0
275,0
238,5
206,5
180,5
157,5
137,3
129,3
130,3
133,3
137,3
143,3
156,3
162,3
163,3
167,3
177,3
186,3
191,3
191,3
188,3
181,5
167,5
147,5
130,5
116,5
104,5
97,5
92,0
92,2
95,6
101,6
108,1
116,7
122,7
125,7
128,5
