136,0
133,4
131,2
133,2
137,4
133,4
127,5
123,3
125,1
130,2
131,2
129,2
127,2
127,1
132,7
143,7
153,7
159,4
158,4
155,2
154,0
153,0
151,0
150,5
150,4
149,4
147,4
147,6
148,1
149,3
149,3
149,4
148,2
147,2
146,4
142,4
139,3
140,3
143,3
146,3
146,0
144,0
139,4
138,0
136,3
135,6
136,2
135,2
134,2
134,5
134,7
136,7
139,7
141,2
141,2
139,6
141,1
154,1
173,1
189,6
205,6
223,6
243,1
267,1
292,1
312,1
331,1
348,1
368,1
390,1
412,1
430,6
448,1
469,1
491,6
506,2
509,2
505,2
507,6
518,6
532,6
541,2
546,6
552,6
559,6
566,2
568,2
566,2
563,2
561,7
566,7
578,1
588,2
592,2
592,2
593,2
597,2
599,2
597,4
591,2
585,2
579,2
576,2
575,2
574,0
569,4
559,4
554,2
552,2
550,2
549,4
542,0
531,0
518,4
504,4
489,0
479,5
465,0
449,0
431,0
409,0
391,5
375,5
358,0
337,0
316,5
303,5
291,5
277,5
264,4
256,4
245,4
234,4
227,0
224,5
218,0
210,4
202,2
196,4
190,4
177,4
161,4
154,2
158,6
166,2
167,4
162,4
149,4
139,2
143,1
160,1
177,6
190,6
201,6
214,1
233,1
255,6
268,6
279,6
289,6
306,6
330,6
349,6
365,6
381,6
400,1
426,1
446,6
465,6
482,6
499,1
517,1
535,6
547,6
562,6
581,1
599,7
616,1
631,1
643,6
657,6
663,0
654,0
647,6
652,1
661,7
664,0
663,5
662,5
662,2
662,2
662,1
