81,7
82,7
82,7
110,7
110,6
110,6
110,2
110,2
109,5
109,5
109,6
109,6
109,7
109,1
110,0
110,0
109,4
81,4
81,0
81,7
81,7
81,1
81,4
81,4
81,2
81,3
81,4
81,2
81,1
81,7
109,1
109,1
109,6
137,6
136,6
164,1
164,1
192,1
219,6
218,6
247,1
247,1
275,1
303,1
303,6
331,6
331,1
358,1
387,1
387,1
387,2
386,6
413,6
413,6
413,2
413,2
412,2
412,2
411,6
440,6
439,2
439,2
438,2
438,6
466,6
465,6
465,2
492,2
492,2
491,2
491,2
491,0
491,5
463,2
463,6
490,2
490,0
462,5
462,0
462,4
434,4
434,4
434,0
434,0
404,4
404,0
404,0
404,0
404,0
377,0
377,4
377,2
377,2
377,4
377,4
376,4
376,4
347,4
347,0
347,0
320,4
320,4
319,4
319,4
319,0
319,0
291,4
291,0
262,0
262,0
262,0
234,0
234,0
234,0
205,0
206,0
179,5
179,5
152,5
152,0
124,0
124,0
96,5
97,5
69,4
69,4
69,0
68,0
40,0
40,4
12,2
11,2
10,4
10,4
10,4
-17,2
-18,6
8,2
7,2
6,2
-20,2
5,6
4,6
32,6
31,2
31,6
59,6
59,1
87,1
86,6
114,6
114,6
141,1
141,1
169,1
196,6
196,6
224,1
252,1
280,1
308,1
308,1
335,1
364,1
391,1
420,1
420,1
448,1
476,7
476,7
476,7
477,1
505,6
504,1
504,4
504,0
504,6
504,6
504,6
504,1
504,7
504,3
504,7
531,7
531,7
531,1
