532,5
532,3
533,3
533,7
534,7
535,3
535,3
536,3
537,3
538,3
568,3
569,3
570,3
571,3
571,3
572,3
573,3
574,3
575,7
576,7
577,3
577,3
578,3
579,3
580,7
608,3
609,5
610,5
582,3
583,3
584,3
585,5
585,5
557,5
557,5
558,3
558,0
531,4
531,0
531,5
503,0
504,0
476,2
475,6
503,2
502,2
502,4
473,2
473,2
472,2
471,4
471,2
471,2
471,2
470,4
470,2
470,2
469,2
469,2
469,4
469,2
468,2
468,2
439,4
439,4
439,2
438,2
437,2
437,2
407,4
406,2
405,2
405,2
404,4
377,0
376,0
347,4
347,2
346,2
345,2
345,4
344,4
317,4
317,4
289,4
288,0
260,5
261,0
233,4
232,2
232,4
231,0
202,4
202,2
202,2
201,2
200,2
200,4
200,4
172,4
172,4
143,0
143,5
144,0
116,0
116,0
88,5
88,5
60,5
61,5
61,5
33,3
33,3
34,3
35,3
35,3
36,3
37,3
37,3
38,3
39,3
40,3
40,3
41,5
41,0
13,5
13,5
20,5
20,3
20,3
49,3
50,3
50,7
23,7
51,3
52,3
52,7
53,7
53,3
53,3
53,3
53,3
53,7
82,3
82,3
82,3
82,7
82,6
82,2
