661,3
660,3
657,3
650,5
639,3
641,7
658,7
678,3
686,3
687,3
696,7
712,3
718,3
711,3
705,3
709,3
715,3
712,3
701,3
697,3
703,3
711,3
713,3
709,3
709,3
715,3
722,3
717,5
703,5
689,5
677,5
665,4
660,2
657,4
647,4
626,4
605,2
597,2
598,2
597,2
591,4
580,2
576,2
580,2
584,2
581,4
570,4
560,2
559,2
565,2
566,2
561,4
546,4
532,2
524,2
515,4
500,4
479,0
456,4
436,4
418,0
401,5
385,5
370,0
352,0
330,0
311,0
292,0
279,4
272,6
284,6
297,2
303,2
304,2
303,2
309,2
315,2
311,4
299,0
283,0
265,0
254,4
244,4
238,5
233,3
232,0
216,0
192,5
171,3
167,3
171,3
169,5
159,5
146,3
145,7
158,7
168,3
172,3
175,7
191,1
221,7
248,7
269,7
285,7
310,1
337,7
352,5
342,0
318,0
296,0
277,5
257,5
235,5
210,5
184,5
171,3
168,3
164,5
153,5
138,3
134,3
143,3
149,3
146,5
134,5
127,3
128,3
131,5
127,4
118,4
113,3
111,3
108,3
110,5
106,5
104,6
111,6
122,3
