659,4
657,6
659,1
669,1
678,7
685,3
683,3
680,3
683,7
696,7
707,3
707,3
699,3
695,3
697,3
704,3
705,3
698,3
690,3
690,3
696,3
699,3
696,3
691,3
692,3
698,3
698,3
691,5
677,3
671,3
668,3
667,3
660,5
645,5
631,5
619,5
608,5
599,0
591,0
584,5
575,5
564,0
550,4
535,4
521,4
504,0
481,4
462,4
451,2
444,4
434,4
416,4
402,2
398,2
401,2
397,2
388,2
378,2
376,2
380,2
379,2
370,2
360,2
358,2
361,2
358,4
346,4
334,2
331,2
334,2
329,4
317,4
302,2
295,2
295,2
289,4
273,4
252,4
232,4
213,4
199,0
190,3
186,5
181,5
167,5
148,5
137,3
137,3
142,3
141,5
129,3
125,3
130,3
140,3
143,3
137,3
133,3
137,3
146,3
146,3
138,3
133,3
138,3
146,3
147,3
139,3
135,3
140,3
150,3
151,3
145,3
141,3
146,7
156,3
159,3
156,5
151,7
155,1
166,6
174,1
181,1
187,6
189,4
186,4
180,4
