664,2
665,4
657,0
641,0
620,5
611,3
613,3
612,3
607,5
600,3
601,7
607,3
611,3
618,7
628,7
642,7
656,3
657,3
654,3
656,7
667,7
683,7
692,3
694,3
699,7
710,7
728,3
735,5
728,3
724,3
725,3
727,5
724,0
715,5
711,5
707,5
704,5
701,5
697,5
695,1
699,1
704,7
720,7
739,7
753,3
757,5
750,5
740,3
742,7
756,3
765,3
765,3
758,3
757,3
765,3
758,3
748,5
739,5
730,3
715,5
693,5
676,0
664,0
652,5
639,5
626,5
611,0
600,0
591,0
577,5
565,5
553,0
542,4
531,4
516,0
497,0
483,0
474,0
468,4
458,2
437,4
413,0
396,0
389,4
380,2
363,4
347,4
340,4
340,4
336,2
327,2
319,4
318,2
326,2
329,6
323,2
312,2
306,2
310,2
314,2
313,2
307,2
308,2
322,2
343,6
356,6
358,6
361,2
369,2
385,6
401,6
408,6
410,2
417,2
436,2
452,6
451,6
442,2
431,4
422,4
414,4
404,2
386,4
363,0
342,0
319,0
297,0
281,0
266,5
250,5
230,5
203,0
182,0
169,0
155,5
136,5
114,5
101,5
97,5
98,3
92,3
80,3
76,5
81,3
88,3
89,3
87,3
90,3
104,3
124,7
136,7
141,7
149,3
162,3
178,7
187,7
182,3
179,3
183,3
189,3
181,3
173,5
191,5
225,7
246,1
256,7
256,7
257,3
259,3
263,3
255,3
240,5
228,5
221,5
214,3
202,5
188,0
174,0
163,0
152,5
141,5
129,0
119,4
112,4
110,0
112,5
111,1
106,5
109,3
110,3
105,3
109,5
