531,7
531,3
532,5
532,5
505,3
506,3
506,7
534,7
534,3
535,5
535,3
536,7
536,7
565,7
566,7
594,3
595,3
595,3
596,7
597,3
597,3
598,3
598,3
599,7
600,3
628,3
601,5
601,3
602,3
602,3
603,5
575,5
576,3
576,3
577,3
549,5
549,5
550,3
550,3
551,3
552,5
553,5
526,5
527,3
527,5
500,5
500,0
472,0
472,0
444,5
445,0
416,4
388,4
388,5
359,5
360,5
360,0
360,4
360,4
332,4
332,0
304,4
304,2
275,2
274,4
274,4
273,4
245,2
244,2
244,2
243,4
213,4
213,2
212,2
211,2
211,4
210,2
210,2
209,2
209,2
208,4
208,2
208,6
207,6
236,2
235,2
235,4
205,2
205,2
204,4
204,4
176,0
176,0
176,4
176,6
176,1
176,4
176,2
175,2
175,2
174,2
174,2
173,2
172,6
172,6
198,2
198,2
197,2
196,2
196,4
195,0
168,5
168,0
168,4
140,0
140,5
113,5
113,5
114,5
86,5
58,3
59,3
88,3
60,5
61,3
61,7
90,7
90,3
90,3
91,3
91,7
120,7
120,3
121,3
121,6
121,2
120,2
120,6
120,6
120,1
120,1
148,1
148,3
148,3
149,7
149,7
149,7
178,7
178,3
178,3
178,3
179,3
179,3
179,2
179,2
179,2
179,2
178,2
177,2
177,4
177,4
148,4
148,4
119,0
91,0
91,0
64,0
64,0
35,0
7,5
7,3
8,5
-17,5
-17,3
-16,3
-15,7
-15,3
-14,7
13,7
13,1
41,7
42,7
71,7
71,1
71,2
71,4
71,0
71,0
71,5
71,5
71,5
43,3
43,3
43,5
44,5
17,5
17,3
-8,3
-8,3
-7,5
-6,3
-5,3
-5,7
-4,3
-3,3
23,7
25,1
25,1
52,7
52,7
52,1
81,2
52,4
52,3
52,3
52,6
52,2
52,4
52,1
