686,5
675,5
663,3
662,7
671,7
686,3
692,3
686,5
678,3
680,3
686,3
681,5
671,3
669,7
677,7
693,7
706,3
708,3
699,3
700,3
709,7
722,3
724,3
719,3
722,3
734,3
740,3
732,3
722,3
724,3
731,3
732,5
723,5
710,3
703,3
698,5
684,0
659,0
639,5
627,3
619,5
608,0
592,4
574,0
553,0
530,0
503,0
483,4
469,4
457,4
445,4
430,4
414,2
407,2
410,2
411,4
402,4
384,2
376,2
377,2
377,2
367,4
353,2
351,2
360,2
364,2
362,2
361,6
371,6
393,6
406,2
409,2
414,6
427,6
448,6
458,2
458,2
460,2
467,2
471,2
469,2
462,4
452,4
441,4
429,4
417,4
399,0
373,0
346,0
320,0
296,5
277,5
260,5
235,0
206,5
189,3
183,3
175,5
162,5
148,3
146,3
151,3
152,3
146,3
144,3
153,7
165,3
166,3
161,3
159,3
164,3
169,3
163,5
146,5
135,3
135,3
145,3
153,3
154,3
150,3
156,7
171,7
185,3
186,5
175,5
161,3
157,7
164,3
169,3
169,3
166,3
167,2
167,2
165,4
158,5
152,3
146,3
142,5
140,4
139,2
138,4
137,4
137,4
136,4
136,2
136,2
137,7
137,5
136,5
