25,7
25,7
25,3
27,5
27,7
27,6
54,6
53,6
53,3
53,3
53,3
53,0
54,0
54,0
27,4
25,4
25,7
25,7
25,1
25,1
25,2
25,2
25,5
25,5
27,6
27,2
25,6
25,7
54,7
54,1
54,6
53,6
82,6
82,1
109,1
138,1
165,6
165,6
193,1
220,1
249,1
249,1
276,6
304,1
332,1
331,1
358,6
387,6
414,6
413,1
442,1
470,6
470,6
497,6
496,6
524,6
523,2
523,4
523,4
522,4
494,4
494,4
493,4
465,0
465,0
437,0
408,0
408,0
381,0
352,0
352,0
325,4
296,4
296,4
268,0
267,0
239,0
210,4
183,4
182,4
154,4
154,0
153,0
125,4
125,2
125,2
124,4
124,4
95,2
95,6
94,6
122,6
122,6
149,2
149,6
148,6
175,1
175,6
202,6
230,6
230,6
257,1
285,1
285,6
312,6
312,6
338,6
338,1
367,1
393,1
422,6
422,6
421,1
449,1
449,1
450,6
477,6
477,6
505,1
505,7
505,7
505,1
532,1
532,4
532,5
505,5
505,1
532,1
532,2
532,1
532,3
532,1
