378,0,1.0
377,0,0.5
379,0,0.5
350,0,0.5
406,0,0.5
349,0,0.25
351,0,0.25
405,0,0.25
407,0,0.25
189,0,1.0
188,0,0.5
190,0,0.5
161,0,0.5
217,0,0.5
160,0,0.25
162,0,0.25
216,0,0.25
218,0,0.25
347,0,1.0
346,0,0.5
348,0,0.5
319,0,0.5
375,0,0.5
318,0,0.25
320,0,0.25
374,0,0.25
376,0,0.25
339,0,1.0
338,0,0.5
340,0,0.5
311,0,0.5
367,0,0.5
310,0,0.25
312,0,0.25
366,0,0.25
368,0,0.25
74,0,1.0
73,0,0.5
75,0,0.5
46,0,0.5
102,0,0.5
45,0,0.25
47,0,0.25
101,0,0.25
103,0,0.25
45,0,1.0
44,0,0.5
46,0,0.5
17,0,0.5
73,0,0.5
16,0,0.25
18,0,0.25
72,0,0.25
74,0,0.25
424,0,1.0
423,0,0.5
425,0,0.5
396,0,0.5
452,0,0.5
395,0,0.25
397,0,0.25
451,0,0.25
453,0,0.25
352,0,1.0
351,0,0.5
353,0,0.5
324,0,0.5
380,0,0.5
323,0,0.25
325,0,0.25
379,0,0.25
381,0,0.25
437,0,1.0
436,0,0.5
438,0,0.5
409,0,0.5
465,0,0.5
408,0,0.25
410,0,0.25
464,0,0.25
466,0,0.25
361,0,1.0
360,0,0.5
362,0,0.5
333,0,0.5
389,0,0.5
332,0,0.25
334,0,0.25
388,0,0.25
390,0,0.25
9,0,1.0
8,0,0.5
10,0,0.5
-19,0,0.5
37,0,0.5
-20,0,0.25
-18,0,0.25
36,0,0.25
38,0,0.25
158,0,1.0
157,0,0.5
159,0,0.5
130,0,0.5
186,0,0.5
129,0,0.25
131,0,0.25
185,0,0.25
187,0,0.25
76,1,1.0
75,1,0.5
77,1,0.5
48,1,0.5
104,1,0.5
47,1,0.25
49,1,0.25
103,1,0.25
105,1,0.25
471,1,1.0
470,1,0.5
472,1,0.5
443,1,0.5
499,1,0.5
442,1,0.25
444,1,0.25
498,1,0.25
500,1,0.25
99,1,1.0
98,1,0.5
100,1,0.5
71,1,0.5
127,1,0.5
70,1,0.25
72,1,0.25
126,1,0.25
128,1,0.25
487,1,1.0
486,1,0.5
488,1,0.5
459,1,0.5
515,1,0.5
458,1,0.25
460,1,0.25
514,1,0.25
516,1,0.25
441,1,1.0
440,1,0.5
442,1,0.5
413,1,0.5
469,1,0.5
412,1,0.25
414,1,0.25
468,1,0.25
470,1,0.25
238,1,1.0
237,1,0.5
239,1,0.5
210,1,0.5
266,1,0.5
209,1,0.25
211,1,0.25
265,1,0.25
267,1,0.25
99,1,1.0
98,1,0.5
100,1,0.5
71,1,0.5
127,1,0.5
70,1,0.25
72,1,0.25
126,1,0.25
128,1,0.25
314,1,1.0
313,1,0.5
315,1,0.5
286,1,0.5
342,1,0.5
285,1,0.25
287,1,0.25
341,1,0.25
343,1,0.25
163,1,1.0
162,1,0.5
164,1,0.5
135,1,0.5
191,1,0.5
134,1,0.25
136,1,0.25
190,1,0.25
192,1,0.25
465,1,1.0
464,1,0.5
466,1,0.5
437,1,0.5
493,1,0.5
436,1,0.25
438,1,0.25
492,1,0.25
494,1,0.25
462,1,1.0
461,1,0.5
463,1,0.5
434,1,0.5
490,1,0.5
433,1,0.25
435,1,0.25
489,1,0.25
491,1,0.25
103,1,1.0
102,1,0.5
104,1,0.5
75,1,0.5
131,1,0.5
74,1,0.25
76,1,0.25
130,1,0.25
132,1,0.25
534,2,0.1
537,2,0.2
513,2,0.3
516,2,0.4
519,2,0.5
522,2,0.6
497,2,0.7
471,2,0.8
416,2,0.9
332,2,1.0
301,2,1.1
270,2,1.2
267,2,1.3
264,2,1.4
261,2,1.5
201,2,1.6
198,2,1.7
168,2,1.8
84,2,1.9
57,2,2.0
31,2,2.1
6,2,2.2
9,2,2.3
13,2,2.4
17,2,2.5
20,2,2.6
22,2,2.7
25,2,2.8
