690,1
694,7
699,3
700,5
695,5
686,3
682,3
687,7
700,3
708,3
704,3
697,3
696,3
704,3
711,3
706,5
694,3
690,3
692,3
696,3
695,3
687,3
684,3
686,3
693,3
691,3
682,5
671,3
665,3
664,3
661,5
652,5
635,5
622,5
611,5
597,5
583,0
570,4
556,4
540,0
523,0
501,0
482,4
469,4
459,2
454,2
447,4
433,4
417,2
409,2
408,2
406,2
397,4
380,2
370,2
368,2
369,2
362,4
349,2
339,2
337,2
335,2
325,4
308,2
298,2
296,2
294,4
283,4
265,4
248,4
231,4
212,0
196,5
184,3
180,3
173,5
157,5
143,3
140,3
146,3
147,3
141,3
135,3
136,3
142,3
146,3
142,3
136,3
138,3
148,3
154,3
152,3
144,3
142,3
146,3
152,3
150,3
142,3
139,3
142,7
151,3
153,5
143,5
128,5
122,3
125,3
125,5
121,4
115,4
110,5
108,5
104,5
102,1
106,6
112,4
109,5
100,3
101,3
