463,0,1.0
435,0,1.0
491,0,1.0
462,0,1.0
434,0,1.0
490,0,1.0
464,0,1.0
436,0,1.0
492,0,1.0
295,0,1.0
267,0,1.0
323,0,1.0
294,0,1.0
266,0,1.0
322,0,1.0
296,0,1.0
268,0,1.0
324,0,1.0
297,0,1.0
269,0,1.0
325,0,1.0
296,0,1.0
268,0,1.0
324,0,1.0
298,0,1.0
270,0,1.0
326,0,1.0
404,0,1.0
376,0,1.0
432,0,1.0
403,0,1.0
375,0,1.0
431,0,1.0
405,0,1.0
377,0,1.0
433,0,1.0
438,0,1.0
410,0,1.0
466,0,1.0
437,0,1.0
409,0,1.0
465,0,1.0
439,0,1.0
411,0,1.0
467,0,1.0
136,0,1.0
108,0,1.0
164,0,1.0
135,0,1.0
107,0,1.0
163,0,1.0
137,0,1.0
109,0,1.0
165,0,1.0
48,0,1.0
20,0,1.0
76,0,1.0
47,0,1.0
19,0,1.0
75,0,1.0
49,0,1.0
21,0,1.0
77,0,1.0
501,0,1.0
473,0,1.0
529,0,1.0
500,0,1.0
472,0,1.0
528,0,1.0
502,0,1.0
474,0,1.0
530,0,1.0
323,0,1.0
295,0,1.0
351,0,1.0
322,0,1.0
294,0,1.0
350,0,1.0
324,0,1.0
296,0,1.0
352,0,1.0
366,0,1.0
338,0,1.0
394,0,1.0
365,0,1.0
337,0,1.0
393,0,1.0
367,0,1.0
339,0,1.0
395,0,1.0
298,0,1.0
270,0,1.0
326,0,1.0
297,0,1.0
269,0,1.0
325,0,1.0
299,0,1.0
271,0,1.0
327,0,1.0
327,0,1.0
299,0,1.0
355,0,1.0
326,0,1.0
298,0,1.0
354,0,1.0
328,0,1.0
300,0,1.0
356,0,1.0
193,1,1.0
165,1,1.0
221,1,1.0
192,1,1.0
164,1,1.0
220,1,1.0
194,1,1.0
166,1,1.0
222,1,1.0
485,1,1.0
457,1,1.0
513,1,1.0
484,1,1.0
456,1,1.0
512,1,1.0
486,1,1.0
458,1,1.0
514,1,1.0
117,1,1.0
89,1,1.0
145,1,1.0
116,1,1.0
88,1,1.0
144,1,1.0
118,1,1.0
90,1,1.0
146,1,1.0
289,1,1.0
261,1,1.0
317,1,1.0
288,1,1.0
260,1,1.0
316,1,1.0
290,1,1.0
262,1,1.0
318,1,1.0
157,1,1.0
129,1,1.0
185,1,1.0
156,1,1.0
128,1,1.0
184,1,1.0
158,1,1.0
130,1,1.0
186,1,1.0
197,1,1.0
169,1,1.0
225,1,1.0
196,1,1.0
168,1,1.0
224,1,1.0
198,1,1.0
170,1,1.0
226,1,1.0
338,1,1.0
310,1,1.0
366,1,1.0
337,1,1.0
309,1,1.0
365,1,1.0
339,1,1.0
311,1,1.0
367,1,1.0
188,1,1.0
160,1,1.0
216,1,1.0
187,1,1.0
159,1,1.0
215,1,1.0
189,1,1.0
161,1,1.0
217,1,1.0
81,1,1.0
53,1,1.0
109,1,1.0
80,1,1.0
52,1,1.0
108,1,1.0
82,1,1.0
54,1,1.0
110,1,1.0
315,1,1.0
287,1,1.0
343,1,1.0
314,1,1.0
286,1,1.0
342,1,1.0
316,1,1.0
288,1,1.0
344,1,1.0
148,1,1.0
120,1,1.0
176,1,1.0
147,1,1.0
119,1,1.0
175,1,1.0
149,1,1.0
121,1,1.0
177,1,1.0
299,1,1.0
271,1,1.0
327,1,1.0
298,1,1.0
270,1,1.0
326,1,1.0
300,1,1.0
272,1,1.0
328,1,1.0
532,2,0.1
504,2,0.05
560,20.05
533,20.05
505,20.05
561,20.05
449,2,0.2
421,2,0.1
477,20.1
448,20.1
420,20.1
476,20.1
450,20.1
422,20.1
478,20.1
365,2,0.3
337,2,0.15
393,20.15
364,20.15
336,20.15
392,20.15
366,20.15
338,20.15
394,20.15
253,2,0.4
225,2,0.2
281,20.2
252,20.2
224,20.2
280,20.2
254,20.2
226,20.2
282,20.2
170,2,0.5
142,2,0.25
198,20.25
169,20.25
141,20.25
197,20.25
171,20.25
143,20.25
199,20.25
87,2,0.6
59,2,0.3
115,20.3
86,20.3
58,20.3
114,20.3
88,20.3
60,20.3
116,20.3
60,2,0.7
32,2,0.35
88,20.35
59,20.35
31,20.35
87,20.35
61,20.35
33,20.35
89,20.35
5,2,0.8
33,20.4
4,20.4
32,20.4
6,20.4
34,20.4
8,2,0.9
36,20.45
7,20.45
35,20.45
9,20.45
37,20.45
11,2,1.0
39,20.5
10,20.5
38,20.5
12,20.5
40,20.5
41,2,1.1
13,2,0.55
69,20.55
40,20.55
12,20.55
68,20.55
42,20.55
14,20.55
70,20.55
126,2,1.2
98,2,0.6
154,20.6
125,20.6
97,20.6
153,20.6
127,20.6
99,20.6
155,20.6
180,2,1.3
152,2,0.65
208,20.65
179,20.65
151,20.65
207,20.65
181,20.65
153,20.65
209,20.65
263,2,1.4
235,2,0.7
291,20.7
262,20.7
234,20.7
290,20.7
264,20.7
236,20.7
292,20.7
346,2,1.5
318,2,0.75
374,20.75
345,20.75
317,20.75
373,20.75
347,20.75
319,20.75
375,20.75
431,2,1.6
403,2,0.8
459,20.8
430,20.8
402,20.8
458,20.8
432,20.8
404,20.8
460,20.8
515,2,1.7
487,2,0.85
543,20.85
514,20.85
486,20.85
542,20.85
516,20.85
488,20.85
544,20.85
544,2,1.8
516,2,0.9
572,20.9
543,20.9
515,20.9
571,20.9
545,20.9
517,20.9
573,20.9
547,2,1.9
519,2,0.95
575,20.95
546,20.95
518,20.95
574,20.95
548,20.95
520,20.95
576,20.95
550,2,2.0
522,2,1.0
578,21.0
549,21.0
521,21.0
577,21.0
551,21.0
523,21.0
579,21.0
525,2,2.1
497,2,1.05
553,21.05
524,21.05
496,21.05
552,21.05
526,21.05
498,21.05
554,21.05
471,2,2.2
443,2,1.1
499,21.1
470,21.1
442,21.1
498,21.1
472,21.1
444,21.1
500,21.1
387,2,2.3
359,2,1.15
415,21.15
386,21.15
358,21.15
414,21.15
388,21.15
360,21.15
416,21.15
303,2,2.4
275,2,1.2
331,21.2
302,21.2
274,21.2
330,21.2
304,21.2
276,21.2
332,21.2
218,2,2.5
190,2,1.25
246,21.25
217,21.25
189,21.25
245,21.25
219,21.25
191,21.25
247,21.25
136,2,2.6
108,2,1.3
164,21.3
135,21.3
107,21.3
163,21.3
137,21.3
109,21.3
165,21.3
81,2,2.7
53,2,1.35
109,21.35
80,21.35
52,21.35
108,21.35
82,21.35
54,21.35
110,21.35
