532,1
532,7
561,3
561,3
533,3
533,3
534,7
564,3
564,3
565,3
566,3
538,3
568,3
569,3
541,3
542,3
543,3
544,3
544,3
545,5
519,3
520,3
520,3
521,5
522,5
522,5
494,7
494,1
523,1
550,7
550,3
551,7
551,7
581,7
581,3
581,5
582,3
582,3
583,3
584,5
555,0
555,5
528,5
529,5
501,0
501,0
473,0
445,0
445,0
416,0
417,0
389,4
389,4
389,0
389,4
360,2
359,2
359,2
358,4
358,2
357,2
356,2
356,2
355,4
328,4
299,4
299,4
271,4
270,4
242,4
241,2
241,2
240,2
240,4
210,4
209,2
209,2
208,2
207,2
206,2
205,2
205,6
204,2
203,2
203,2
202,2
201,2
201,2
200,2
200,4
199,4
171,2
170,2
170,4
142,0
114,5
114,0
86,0
86,5
87,3
87,3
60,5
61,5
61,5
62,3
62,3
63,5
35,5
35,5
7,5
-18,3
-17,3
-17,3
-16,3
-16,5
-15,3
-14,3
-14,3
-13,3
-12,3
-11,3
17,3
17,3
17,5
18,5
-7,3
-7,3
-6,3
-5,3
-4,3
-4,3
-3,7
23,7
25,7
25,7
53,7
53,6
53,6
53,7
53,7
82,7
82,2
82,0
82,0
82,0
82,3
82,7
