143,5
131,5
125,3
125,3
126,5
124,0
116,4
109,4
105,7
106,3
107,3
107,1
108,1
108,2
108,4
107,4
103,4
95,4
91,6
97,1
113,6
131,6
142,2
149,6
158,6
172,1
192,6
207,6
222,6
237,1
257,1
284,1
309,6
332,6
356,1
382,1
411,1
436,6
455,6
473,6
495,1
524,1
552,6
572,6
585,6
604,1
630,6
648,2
654,2
658,6
668,6
680,2
683,4
672,2
665,2
661,4
652,0
634,0
614,0
596,4
577,4
553,0
532,5
519,3
511,5
501,5
493,2
490,2
491,2
486,4
474,4
464,2
460,4
452,3
452,7
464,7
474,3
472,0
456,0
439,5
425,5
408,0
385,0
361,0
339,0
315,0
290,0
268,4
247,4
230,0
210,0
194,6
195,1
207,1
216,0
213,4
198,4
181,2
180,6
197,6
215,6
232,6
249,6
271,1
300,1
328,6
352,6
375,6
397,1
422,1
449,6
469,6
477,2
478,2
481,2
478,0
464,0
444,4
439,6
451,1
466,6
475,2
478,6
483,1
495,1
515,1
538,6
561,6
585,1
606,1
628,1
647,6
665,6
678,7
683,7
686,1
691,1
699,4
696,0
688,7
689,1
693,2
692,4
689,4
682,0
