165,2
164,5
162,0
159,2
159,6
160,6
160,2
161,1
161,6
161,2
161,2
159,4
158,1
160,7
163,1
170,1
184,1
197,1
207,1
216,6
222,6
228,1
240,1
260,1
281,1
302,1
327,1
351,1
377,1
407,1
432,1
457,1
476,1
495,1
516,6
527,2
530,2
529,2
532,6
544,6
559,6
569,2
576,6
588,6
608,6
624,6
633,2
637,2
642,6
648,2
647,4
643,4
638,2
635,2
638,2
642,4
632,4
622,2
620,2
624,2
619,4
602,4
588,4
576,2
567,2
561,4
552,0
539,0
527,4
515,4
507,0
499,5
486,0
475,0
459,0
440,5
427,5
417,5
408,5
388,5
361,5
343,5
331,5
318,5
301,0
274,0
253,0
234,5
217,0
203,4
187,4
175,4
160,4
140,4
128,2
125,2
128,2
131,2
131,4
122,4
113,2
111,6
119,6
135,6
147,6
158,6
171,1
192,1
222,6
240,6
251,6
266,6
286,6
297,2
303,2
304,6
315,6
341,6
363,6
384,6
409,6
432,1
457,1
488,1
509,1
534,6
560,1
586,1
617,1
640,1
654,1
672,1
680,7
682,3
681,5
678,2
677,2
678,4
677,0
673,4
672,6
674,6
685,1
