683,3
683,3
682,1
683,1
686,3
690,3
693,3
696,3
698,3
705,3
705,3
698,3
688,3
685,3
686,3
687,3
682,3
674,3
673,3
678,3
685,3
686,3
682,3
681,3
682,3
687,3
684,3
674,3
665,3
658,3
652,5
640,5
621,5
600,5
587,5
575,5
561,0
541,0
527,0
516,0
494,0
477,4
462,4
449,4
441,4
430,4
417,2
414,2
419,2
423,2
421,2
417,2
417,2
417,2
414,4
402,4
388,2
384,2
386,2
386,2
383,2
374,2
368,2
365,2
361,2
353,4
337,2
326,2
323,2
323,2
319,2
310,2
300,2
290,2
279,4
261,0
232,0
205,0
184,0
163,5
153,3
149,3
144,5
138,5
128,3
127,3
134,3
136,3
130,3
121,3
121,3
130,3
136,3
139,3
140,3
144,3
151,3
154,3
146,3
137,3
134,3
136,3
139,3
136,3
130,3
127,3
130,3
139,3
142,3
143,3
141,3
138,3
138,6
138,1
140,3
140,7
140,1
149,1
164,6
173,7
174,5
171,2
