159,6
159,7
162,1
169,6
179,2
184,2
184,7
186,3
186,4
182,4
176,4
174,4
174,6
174,4
171,4
165,0
162,3
162,1
162,7
163,7
165,7
167,7
169,7
170,7
171,3
171,2
171,4
171,6
172,1
184,1
204,1
220,6
239,6
260,6
280,1
302,1
332,1
355,6
380,6
406,6
429,1
461,1
492,6
517,6
541,6
561,6
583,6
609,6
625,6
636,2
642,2
643,2
640,0
633,5
622,0
608,0
587,0
561,0
541,0
515,0
488,0
468,0
445,0
418,0
396,0
367,0
344,0
318,0
292,0
270,0
246,0
222,0
202,4
179,4
162,4
149,4
135,4
128,2
125,2
123,2
118,2
113,6
118,6
138,6
157,6
170,6
183,6
195,6
213,1
240,6
262,6
282,6
303,6
323,6
346,1
373,6
391,6
412,6
434,6
453,6
477,6
498,6
515,6
529,6
544,1
568,1
595,1
613,1
633,1
656,1
671,1
679,7
685,7
687,2
688,2
688,7
688,3
688,5
679,5
668,5
663,1
667,1
674,6
