662,7
665,3
662,5
650,5
646,3
646,7
655,7
673,3
682,3
683,3
686,3
695,3
702,3
701,3
695,3
694,3
699,3
700,3
695,3
690,3
694,3
704,3
708,3
707,3
705,3
707,3
709,3
701,5
681,5
664,5
650,5
638,0
625,4
610,4
600,0
585,4
574,2
573,2
577,2
577,2
571,2
566,2
567,2
573,2
573,2
569,2
570,6
576,6
588,6
600,2
599,4
589,4
580,2
578,2
578,2
573,4
559,4
549,2
545,2
544,2
537,4
520,0
501,4
489,4
477,4
464,0
452,0
436,5
422,0
408,4
391,4
374,0
359,0
341,0
327,4
316,2
309,4
303,4
294,4
283,4
275,2
271,4
266,0
252,0
234,0
221,0
208,0
198,5
188,5
180,5
168,5
151,5
138,3
134,3
135,3
131,3
119,3
112,3
114,3
122,3
122,3
119,3
116,3
119,3
129,3
135,3
135,3
130,3
128,3
132,3
138,3
137,3
130,3
125,3
126,7
131,7
138,7
143,7
144,5
143,1
150,1
165,1
172,3
173,3
171,4
167,3
