82,6
82,7
82,3
82,3
82,0
82,0
82,0
82,4
82,4
82,4
82,5
82,3
82,6
82,2
81,2
81,2
81,2
81,6
81,1
81,6
81,2
80,2
80,6
79,1
107,1
135,1
135,1
163,1
163,1
191,1
218,1
247,1
275,1
275,1
303,1
331,1
331,1
358,6
387,1
386,6
413,6
413,2
412,2
440,6
440,6
440,6
440,1
467,1
496,1
523,6
550,6
549,6
549,6
549,4
549,6
549,6
578,4
548,4
548,2
547,2
546,2
546,4
518,4
518,2
518,0
489,5
490,5
462,0
434,0
434,4
405,4
405,4
377,4
376,4
347,0
347,4
347,4
319,4
319,4
290,0
290,0
263,0
235,0
234,5
206,5
180,5
180,5
153,5
125,5
126,5
98,0
70,4
69,4
69,4
40,0
12,4
11,2
11,2
10,2
10,4
7,2
6,6
34,6
33,6
62,6
90,6
89,1
88,6
88,2
87,2
114,2
114,6
141,6
169,6
196,6
196,1
225,1
253,1
281,1
309,1
336,1
364,1
391,1
391,1
420,6
448,1
477,1
505,1
505,1
532,1
532,1
533,7
533,3
533,3
533,0
533,4
533,6
533,7
533,1
533,3
533,5
