140,6
141,2
141,0
141,3
141,3
140,3
140,3
140,5
138,5
136,7
136,1
143,1
159,1
185,1
203,1
218,1
232,6
248,6
266,6
287,6
301,6
319,6
332,6
349,1
377,1
404,1
429,1
459,1
482,1
507,1
533,1
553,6
571,6
588,1
600,1
612,1
628,1
650,6
667,6
677,2
679,6
688,1
702,1
713,0
710,4
702,4
693,2
688,2
693,2
698,2
695,4
683,2
677,2
676,2
677,2
673,0
658,0
634,4
622,4
616,0
602,0
592,4
577,4
561,0
552,0
546,2
544,2
542,2
543,4
537,4
529,4
517,0
505,5
487,5
467,5
447,5
422,5
405,5
390,5
375,5
359,0
336,5
312,5
290,5
267,0
243,0
214,4
186,4
171,4
157,4
148,2
147,2
144,4
132,0
110,0
99,2
101,6
113,6
126,6
139,2
148,6
158,6
166,4
153,4
132,4
123,2
121,2
122,4
114,2
108,6
116,6
126,6
136,6
143,6
160,1
186,1
208,1
228,1
249,1
267,1
287,7
298,1
306,6
314,2
322,6
337,1
366,1
393,1
416,1
443,1
465,1
493,1
518,6
538,6
559,6
575,1
594,1
619,1
634,4
629,4
618,3
619,7
626,1
640,6
658,1
672,7
680,3
680,5
675,4
673,4
671,0
667,5
664,5
662,5
660,0
658,5
655,6
