673,1
679,6
681,1
682,1
685,7
687,3
689,3
692,3
692,3
696,3
705,3
715,3
715,3
708,3
706,3
708,3
709,5
698,5
674,0
637,5
620,3
622,3
622,5
612,5
601,3
598,3
603,7
611,7
623,1
652,7
681,7
691,3
689,3
687,3
689,3
689,3
679,5
665,5
656,3
655,3
651,5
636,5
617,5
603,5
590,5
577,0
557,0
536,0
520,0
502,0
485,4
474,4
463,4
454,4
439,4
416,4
402,2
393,2
386,4
375,4
356,4
339,4
326,2
315,4
302,4
279,4
255,4
247,4
241,4
226,4
208,1
214,1
253,1
281,6
294,6
306,6
319,2
321,4
306,4
297,2
298,2
304,2
303,2
303,6
315,1
343,6
365,6
376,6
394,6
420,6
433,4
422,4
409,4
399,2
390,4
381,4
362,4
339,4
324,4
308,4
292,0
275,0
249,0
230,0
209,0
185,0
170,5
160,3
155,5
144,5
128,3
120,3
124,3
125,5
119,5
106,3
105,7
116,7
128,5
120,5
94,5
70,3
66,3
76,3
87,3
98,7
113,7
133,7
148,3
149,3
140,3
139,3
142,3
138,3
130,3
121,3
124,3
134,3
144,3
147,3
146,3
141,3
139,3
141,7
142,2
142,4
140,0
138,0
135,4
134,2
134,3
134,6
135,6
