689,3
689,3
689,3
689,3
689,3
687,5
683,5
677,3
676,3
685,7
695,3
695,3
688,3
678,3
675,3
678,3
677,3
675,3
675,3
682,3
695,3
699,3
697,3
697,3
705,3
713,3
711,3
704,3
701,3
703,3
708,3
707,5
696,5
688,3
678,5
666,0
643,0
616,0
596,0
575,0
555,0
532,4
512,0
494,0
469,0
450,4
437,4
424,4
409,4
388,4
374,2
374,2
380,2
378,2
368,2
362,2
367,2
376,2
376,2
366,2
362,2
367,6
381,2
387,2
388,2
388,2
396,6
415,6
433,6
449,6
463,1
482,1
507,6
520,2
518,2
511,2
511,2
518,6
526,2
522,2
519,6
524,2
528,4
519,4
510,4
502,2
494,2
486,4
466,0
436,0
416,0
393,4
371,0
346,0
315,0
292,0
270,0
242,0
221,5
201,5
181,5
164,5
138,5
119,3
115,3
118,3
117,3
114,3
119,3
132,3
142,3
145,3
146,3
153,3
167,3
173,3
161,5
145,3
145,3
158,3
168,3
172,3
179,3
189,3
195,3
192,0
178,0
151,5
132,5
125,3
122,3
119,3
123,3
124,5
118,0
110,0
107,1
114,1
132,6
148,6
153,7
154,3
