436,0,1.0
408,0,1.0
464,0,1.0
435,0,1.0
407,0,1.0
463,0,1.0
437,0,1.0
409,0,1.0
465,0,1.0
220,0,1.0
192,0,1.0
248,0,1.0
219,0,1.0
191,0,1.0
247,0,1.0
221,0,1.0
193,0,1.0
249,0,1.0
137,0,1.0
109,0,1.0
165,0,1.0
136,0,1.0
108,0,1.0
164,0,1.0
138,0,1.0
110,0,1.0
166,0,1.0
523,0,1.0
495,0,1.0
551,0,1.0
522,0,1.0
494,0,1.0
550,0,1.0
524,0,1.0
496,0,1.0
552,0,1.0
71,0,1.0
43,0,1.0
99,0,1.0
70,0,1.0
42,0,1.0
98,0,1.0
72,0,1.0
44,0,1.0
100,0,1.0
58,0,1.0
30,0,1.0
86,0,1.0
57,0,1.0
29,0,1.0
85,0,1.0
59,0,1.0
31,0,1.0
87,0,1.0
99,0,1.0
71,0,1.0
127,0,1.0
98,0,1.0
70,0,1.0
126,0,1.0
100,0,1.0
72,0,1.0
128,0,1.0
180,0,1.0
152,0,1.0
208,0,1.0
179,0,1.0
151,0,1.0
207,0,1.0
181,0,1.0
153,0,1.0
209,0,1.0
361,0,1.0
333,0,1.0
389,0,1.0
360,0,1.0
332,0,1.0
388,0,1.0
362,0,1.0
334,0,1.0
390,0,1.0
40,0,1.0
12,0,1.0
68,0,1.0
39,0,1.0
11,0,1.0
67,0,1.0
41,0,1.0
13,0,1.0
69,0,1.0
122,0,1.0
94,0,1.0
150,0,1.0
121,0,1.0
93,0,1.0
149,0,1.0
123,0,1.0
95,0,1.0
151,0,1.0
394,1,1.0
366,1,1.0
422,1,1.0
393,1,1.0
365,1,1.0
421,1,1.0
395,1,1.0
367,1,1.0
423,1,1.0
163,1,1.0
135,1,1.0
191,1,1.0
162,1,1.0
134,1,1.0
190,1,1.0
164,1,1.0
136,1,1.0
192,1,1.0
258,1,1.0
230,1,1.0
286,1,1.0
257,1,1.0
229,1,1.0
285,1,1.0
259,1,1.0
231,1,1.0
287,1,1.0
466,1,1.0
438,1,1.0
494,1,1.0
465,1,1.0
437,1,1.0
493,1,1.0
467,1,1.0
439,1,1.0
495,1,1.0
485,1,1.0
457,1,1.0
513,1,1.0
484,1,1.0
456,1,1.0
512,1,1.0
486,1,1.0
458,1,1.0
514,1,1.0
295,1,1.0
267,1,1.0
323,1,1.0
294,1,1.0
266,1,1.0
322,1,1.0
296,1,1.0
268,1,1.0
324,1,1.0
153,1,1.0
125,1,1.0
181,1,1.0
152,1,1.0
124,1,1.0
180,1,1.0
154,1,1.0
126,1,1.0
182,1,1.0
109,1,1.0
81,1,1.0
137,1,1.0
108,1,1.0
80,1,1.0
136,1,1.0
110,1,1.0
82,1,1.0
138,1,1.0
94,1,1.0
66,1,1.0
122,1,1.0
93,1,1.0
65,1,1.0
121,1,1.0
95,1,1.0
67,1,1.0
123,1,1.0
105,1,1.0
77,1,1.0
133,1,1.0
104,1,1.0
76,1,1.0
132,1,1.0
106,1,1.0
78,1,1.0
134,1,1.0
66,1,1.0
38,1,1.0
94,1,1.0
65,1,1.0
37,1,1.0
93,1,1.0
67,1,1.0
39,1,1.0
95,1,1.0
543,1,1.0
515,1,1.0
571,1,1.0
542,1,1.0
514,1,1.0
570,1,1.0
544,1,1.0
516,1,1.0
572,1,1.0
534,2,0.1
506,2,0.05
562,2,0.05
533,2,0.05
505,2,0.05
561,2,0.05
535,2,0.05
507,2,0.05
563,2,0.05
537,2,0.2
509,2,0.1
565,2,0.1
536,2,0.1
508,2,0.1
564,2,0.1
538,2,0.1
510,2,0.1
566,2,0.1
540,2,0.3
512,2,0.15
568,2,0.15
539,2,0.15
511,2,0.15
567,2,0.15
541,2,0.15
513,2,0.15
569,2,0.15
516,2,0.4
488,2,0.2
544,2,0.2
515,2,0.2
487,2,0.2
543,2,0.2
517,2,0.2
489,2,0.2
545,2,0.2
519,2,0.5
491,2,0.25
547,2,0.25
518,2,0.25
490,2,0.25
546,2,0.25
520,2,0.25
492,2,0.25
548,2,0.25
494,2,0.6
466,2,0.3
522,2,0.3
493,2,0.3
465,2,0.3
521,2,0.3
495,2,0.3
467,2,0.3
523,2,0.3
469,2,0.7
441,2,0.35
497,2,0.35
468,2,0.35
440,2,0.35
496,2,0.35
470,2,0.35
442,2,0.35
498,2,0.35
472,2,0.8
444,2,0.4
500,2,0.4
471,2,0.4
443,2,0.4
499,2,0.4
473,2,0.4
445,2,0.4
501,2,0.4
388,2,0.9
360,2,0.45
416,2,0.45
387,2,0.45
359,2,0.45
415,2,0.45
389,2,0.45
361,2,0.45
417,2,0.45
275,2,1.0
247,2,0.5
303,2,0.5
274,2,0.5
246,2,0.5
302,2,0.5
276,2,0.5
248,2,0.5
304,2,0.5
272,2,1.1
244,2,0.55
300,2,0.55
271,2,0.55
243,2,0.55
299,2,0.55
273,2,0.55
245,2,0.55
301,2,0.55
213,2,1.2
185,2,0.6
241,2,0.6
212,2,0.6
184,2,0.6
240,2,0.6
214,2,0.6
186,2,0.6
242,2,0.6
183,2,1.3
155,2,0.65
211,2,0.65
182,2,0.65
154,2,0.65
210,2,0.65
184,2,0.65
156,2,0.65
212,2,0.65
180,2,1.4
152,2,0.7
208,2,0.7
179,2,0.7
151,2,0.7
207,2,0.7
181,2,0.7
153,2,0.7
209,2,0.7
204,2,1.5
176,2,0.75
232,2,0.75
203,2,0.75
175,2,0.75
231,2,0.75
205,2,0.75
177,2,0.75
233,2,0.75
258,2,1.6
230,2,0.8
286,2,0.8
257,2,0.8
229,2,0.8
285,2,0.8
259,2,0.8
231,2,0.8
287,2,0.8
255,2,1.7
227,2,0.85
283,2,0.85
254,2,0.85
226,2,0.85
282,2,0.85
256,2,0.85
228,2,0.85
284,2,0.85
252,2,1.8
224,2,0.9
280,2,0.9
253,2,0.9
225,2,0.9
281,2,0.9
168,2,1.9
140,2,0.95
196,2,0.95
169,2,0.95
141,2,0.95
197,2,0.95
85,2,2.0
57,2,1.0
113,2,1.0
84,2,1.0
56,2,1.0
112,2,1.0
86,2,1.0
58,2,1.0
114,2,1.0
31,2,2.1
3,2,1.05
59,2,1.05
30,2,1.05
2,2,1.05
58,2,1.05
32,2,1.05
4,2,1.05
60,2,1.05
6,2,2.2
34,2,1.1
5,2,1.1
33,2,1.1
7,2,1.1
35,2,1.1
9,2,2.3
37,2,1.15
8,2,1.15
36,2,1.15
10,2,1.15
38,2,1.15
13,2,2.4
41,2,1.2
12,2,1.2
40,2,1.2
14,2,1.2
42,2,1.2
17,2,2.5
45,2,1.25
16,2,1.25
44,2,1.25
18,2,1.25
46,2,1.25
20,2,2.6
48,2,1.3
19,2,1.3
47,2,1.3
21,2,1.3
49,2,1.3
22,2,2.7
50,2,1.35
21,2,1.35
49,2,1.35
23,2,1.35
51,2,1.35
25,2,2.8
53,2,1.4
24,2,1.4
52,2,1.4
26,2,1.4
54,2,1.4
