82,0
82,0
82,4
82,6
82,1
82,4
82,4
81,4
81,4
81,4
81,6
81,6
81,1
81,5
81,7
81,7
81,3
81,3
82,7
82,2
81,2
81,2
80,6
80,1
108,1
136,6
135,6
135,6
163,1
163,1
191,1
218,1
247,1
275,1
275,1
303,1
331,1
358,6
387,6
386,1
413,1
442,1
442,6
470,6
469,6
497,6
496,6
524,6
523,2
522,2
522,2
548,2
547,2
547,2
546,4
518,4
518,4
489,4
488,4
488,0
460,0
432,0
432,0
403,0
376,0
347,0
320,0
320,0
292,0
264,5
264,5
237,5
237,0
208,0
182,0
154,0
154,0
126,0
98,0
70,4
69,4
40,0
40,4
11,2
11,2
10,2
9,2
-17,2
-18,6
7,6
7,6
34,2
34,2
33,6
32,2
61,2
60,2
59,6
87,1
87,1
114,6
142,1
142,6
141,6
169,6
168,1
195,1
225,1
253,1
281,1
309,1
309,1
336,1
365,1
392,1
392,1
421,1
449,1
477,1
505,1
504,1
532,7
532,7
532,7
561,0
532,0
532,5
532,5
532,1
532,6
532,2
532,5
532,0
