463,0,1.0
435,0,1.0
491,0,1.0
462,0,1.0
434,0,1.0
490,0,1.0
464,0,1.0
436,0,1.0
492,0,1.0
295,0,1.0
267,0,1.0
323,0,1.0
294,0,1.0
266,0,1.0
322,0,1.0
296,0,1.0
268,0,1.0
324,0,1.0
297,0,1.0
269,0,1.0
325,0,1.0
296,0,1.0
268,0,1.0
324,0,1.0
298,0,1.0
270,0,1.0
326,0,1.0
404,0,1.0
376,0,1.0
432,0,1.0
403,0,1.0
375,0,1.0
431,0,1.0
405,0,1.0
377,0,1.0
433,0,1.0
438,0,1.0
410,0,1.0
466,0,1.0
437,0,1.0
409,0,1.0
465,0,1.0
439,0,1.0
411,0,1.0
467,0,1.0
136,0,1.0
108,0,1.0
164,0,1.0
135,0,1.0
107,0,1.0
163,0,1.0
137,0,1.0
109,0,1.0
165,0,1.0
48,0,1.0
20,0,1.0
76,0,1.0
47,0,1.0
19,0,1.0
75,0,1.0
49,0,1.0
21,0,1.0
77,0,1.0
501,0,1.0
473,0,1.0
529,0,1.0
500,0,1.0
472,0,1.0
528,0,1.0
502,0,1.0
474,0,1.0
530,0,1.0
323,0,1.0
295,0,1.0
351,0,1.0
322,0,1.0
294,0,1.0
350,0,1.0
324,0,1.0
296,0,1.0
352,0,1.0
366,0,1.0
338,0,1.0
394,0,1.0
365,0,1.0
337,0,1.0
393,0,1.0
367,0,1.0
339,0,1.0
395,0,1.0
298,0,1.0
270,0,1.0
326,0,1.0
297,0,1.0
269,0,1.0
325,0,1.0
299,0,1.0
271,0,1.0
327,0,1.0
327,0,1.0
299,0,1.0
355,0,1.0
326,0,1.0
298,0,1.0
354,0,1.0
328,0,1.0
300,0,1.0
356,0,1.0
193,1,1.0
165,1,1.0
221,1,1.0
192,1,1.0
164,1,1.0
220,1,1.0
194,1,1.0
166,1,1.0
222,1,1.0
485,1,1.0
457,1,1.0
513,1,1.0
484,1,1.0
456,1,1.0
512,1,1.0
486,1,1.0
458,1,1.0
514,1,1.0
117,1,1.0
89,1,1.0
145,1,1.0
116,1,1.0
88,1,1.0
144,1,1.0
118,1,1.0
90,1,1.0
146,1,1.0
289,1,1.0
261,1,1.0
317,1,1.0
288,1,1.0
260,1,1.0
316,1,1.0
290,1,1.0
262,1,1.0
318,1,1.0
157,1,1.0
129,1,1.0
185,1,1.0
156,1,1.0
128,1,1.0
184,1,1.0
158,1,1.0
130,1,1.0
186,1,1.0
197,1,1.0
169,1,1.0
225,1,1.0
196,1,1.0
168,1,1.0
224,1,1.0
198,1,1.0
170,1,1.0
226,1,1.0
338,1,1.0
310,1,1.0
366,1,1.0
337,1,1.0
309,1,1.0
365,1,1.0
339,1,1.0
311,1,1.0
367,1,1.0
188,1,1.0
160,1,1.0
216,1,1.0
187,1,1.0
159,1,1.0
215,1,1.0
189,1,1.0
161,1,1.0
217,1,1.0
315,1,1.0
287,1,1.0
343,1,1.0
314,1,1.0
286,1,1.0
342,1,1.0
316,1,1.0
288,1,1.0
344,1,1.0
148,1,1.0
120,1,1.0
176,1,1.0
147,1,1.0
119,1,1.0
175,1,1.0
149,1,1.0
121,1,1.0
177,1,1.0
299,1,1.0
271,1,1.0
327,1,1.0
298,1,1.0
270,1,1.0
326,1,1.0
300,1,1.0
272,1,1.0
328,1,1.0
532,2,0.1
504,2,0.05
560,2,0.05
533,2,0.05
505,2,0.05
561,2,0.05
449,2,0.2
421,2,0.1
477,2,0.1
448,2,0.1
420,2,0.1
476,2,0.1
450,2,0.1
422,2,0.1
478,2,0.1
365,2,0.3
337,2,0.15
393,2,0.15
364,2,0.15
336,2,0.15
392,2,0.15
366,2,0.15
338,2,0.15
394,2,0.15
253,2,0.4
225,2,0.2
281,2,0.2
252,2,0.2
224,2,0.2
280,2,0.2
254,2,0.2
226,2,0.2
282,2,0.2
170,2,0.5
142,2,0.25
198,2,0.25
169,2,0.25
141,2,0.25
197,2,0.25
171,2,0.25
143,2,0.25
199,2,0.25
87,2,0.6
59,2,0.3
115,2,0.3
86,2,0.3
58,2,0.3
114,2,0.3
88,2,0.3
60,2,0.3
116,2,0.3
60,2,0.7
32,2,0.35
88,2,0.35
59,2,0.35
31,2,0.35
87,2,0.35
61,2,0.35
33,2,0.35
89,2,0.35
5,2,0.8
33,2,0.4
4,2,0.4
32,2,0.4
6,2,0.4
34,2,0.4
8,2,0.9
36,2,0.45
7,2,0.45
35,2,0.45
9,2,0.45
37,2,0.45
11,2,1.0
39,2,0.5
10,2,0.5
38,2,0.5
12,2,0.5
40,2,0.5
41,2,1.1
13,2,0.55
69,2,0.55
40,2,0.55
12,2,0.55
68,2,0.55
42,2,0.55
14,2,0.55
70,2,0.55
126,2,1.2
98,2,0.6
154,2,0.6
125,2,0.6
97,2,0.6
153,2,0.6
127,2,0.6
99,2,0.6
155,2,0.6
180,2,1.3
152,2,0.65
208,2,0.65
179,2,0.65
151,2,0.65
207,2,0.65
181,2,0.65
153,2,0.65
209,2,0.65
263,2,1.4
235,2,0.7
291,2,0.7
262,2,0.7
234,2,0.7
290,2,0.7
264,2,0.7
236,2,0.7
292,2,0.7
346,2,1.5
318,2,0.75
374,2,0.75
345,2,0.75
317,2,0.75
373,2,0.75
347,2,0.75
319,2,0.75
375,2,0.75
431,2,1.6
403,2,0.8
459,2,0.8
430,2,0.8
402,2,0.8
458,2,0.8
432,2,0.8
404,2,0.8
460,2,0.8
515,2,1.7
487,2,0.85
543,2,0.85
514,2,0.85
486,2,0.85
542,2,0.85
516,2,0.85
488,2,0.85
544,2,0.85
544,2,1.8
516,2,0.9
572,2,0.9
543,2,0.9
515,2,0.9
571,2,0.9
545,2,0.9
517,2,0.9
573,2,0.9
547,2,1.9
519,2,0.95
575,2,0.95
546,2,0.95
518,2,0.95
574,2,0.95
548,2,0.95
520,2,0.95
576,2,0.95
550,2,2.0
522,2,1.0
578,2,1.0
549,2,1.0
521,2,1.0
577,2,1.0
551,2,1.0
523,2,1.0
579,2,1.0
525,2,2.1
497,2,1.05
553,2,1.05
524,2,1.05
496,2,1.05
552,2,1.05
526,2,1.05
498,2,1.05
554,2,1.05
471,2,2.2
443,2,1.1
499,2,1.1
470,2,1.1
442,2,1.1
498,2,1.1
472,2,1.1
444,2,1.1
500,2,1.1
387,2,2.3
359,2,1.15
415,2,1.15
386,2,1.15
358,2,1.15
414,2,1.15
388,2,1.15
360,2,1.15
416,2,1.15
303,2,2.4
275,2,1.2
331,2,1.2
302,2,1.2
274,2,1.2
330,2,1.2
304,2,1.2
276,2,1.2
332,2,1.2
218,2,2.5
190,2,1.25
246,2,1.25
217,2,1.25
189,2,1.25
245,2,1.25
219,2,1.25
191,2,1.25
247,2,1.25
136,2,2.6
108,2,1.3
164,2,1.3
135,2,1.3
107,2,1.3
163,2,1.3
137,2,1.3
109,2,1.3
165,2,1.3
81,2,2.7
53,2,1.35
109,2,1.35
80,2,1.35
52,2,1.35
108,2,1.35
82,2,1.35
54,2,1.35
110,2,1.35
