679,5
676,5
673,5
669,5
666,3
667,3
671,3
675,3
677,3
677,3
682,7
695,7
706,3
706,3
697,3
693,3
693,3
694,3
688,5
675,3
666,3
662,3
663,3
663,3
659,3
653,3
651,3
651,3
652,7
666,7
690,7
704,3
710,3
716,3
724,3
728,5
713,5
687,5
668,5
651,5
636,0
615,0
585,0
562,5
542,5
528,4
518,4
506,4
490,4
483,2
483,2
482,4
471,4
449,4
431,4
417,4
406,4
389,4
371,4
362,2
355,2
346,4
331,4
316,2
310,2
312,2
312,2
309,2
304,2
306,6
315,6
321,2
325,2
328,6
335,6
348,6
360,2
357,4
341,4
331,2
332,2
335,2
332,2
321,4
311,2
305,4
296,0
278,0
257,0
244,0
231,0
219,5
207,3
197,5
188,5
168,5
149,3
140,3
136,3
130,5
117,5
103,3
104,3
105,5
96,5
77,5
60,3
59,3
63,3
63,3
71,7
91,7
108,3
114,3
116,3
122,3
127,3
122,5
107,3
100,3
107,7
123,3
130,3
131,3
134,7
138,1
140,5
139,5
137,3
137,7
137,2
137,0
136,0
134,0
133,0
132,3
132,1
