169,7
176,4
175,2
172,2
168,2
167,1
168,3
168,0
167,4
166,4
166,4
164,0
163,5
162,0
162,2
162,2
161,2
161,6
162,6
164,6
171,6
184,6
192,2
194,2
192,6
195,1
211,7
236,1
259,1
284,1
306,1
330,1
354,1
376,1
402,6
423,1
447,1
474,6
492,6
503,6
521,6
544,6
567,6
581,6
594,6
606,6
625,1
650,6
668,6
675,2
677,2
680,6
689,2
693,4
684,0
671,0
663,4
658,0
652,5
642,5
631,5
618,0
593,0
566,0
543,0
513,0
490,0
466,0
442,5
421,5
399,5
380,0
359,4
334,0
314,0
291,0
273,4
258,4
241,0
224,0
204,5
180,0
166,0
154,4
146,4
142,4
128,4
114,2
109,2
111,2
112,2
113,2
117,6
131,6
152,6
168,6
184,6
199,6
215,1
236,1
255,6
268,6
282,6
295,6
314,1
340,1
358,6
376,6
393,1
409,1
429,1
446,6
456,6
463,6
472,1
491,1
511,6
523,6
532,2
538,6
555,1
578,1
598,6
615,6
634,1
651,1
669,1
681,1
687,6
691,6
696,6
698,0
690,0
678,0
669,5
668,3
667,3
667,5
666,0
