130,0
129,0
128,0
127,7
128,7
129,7
129,3
129,2
129,1
132,6
143,6
151,1
157,7
161,7
162,3
164,3
164,7
165,4
164,2
164,2
162,2
162,2
163,6
167,6
180,1
197,6
201,6
204,6
208,6
212,6
223,6
231,6
239,6
246,7
250,3
250,3
250,3
253,7
265,1
285,7
312,1
338,1
366,1
397,1
427,1
456,1
475,6
486,2
488,4
485,4
479,4
460,4
441,4
431,4
420,4
406,4
396,1
407,7
422,7
428,7
439,7
449,7
453,1
463,6
474,1
494,1
517,1
542,1
562,6
576,6
586,2
588,6
590,6
593,6
598,6
610,6
620,2
623,2
625,2
633,2
632,2
622,2
615,2
610,4
597,4
578,4
559,4
542,0
517,0
493,4
464,0
438,5
431,3
431,5
426,5
417,5
400,5
378,5
350,5
315,5
284,5
255,0
229,0
203,0
180,4
164,4
154,2
144,2
147,6
164,6
181,6
205,6
236,6
267,6
298,6
328,6
359,6
386,6
416,6
450,6
488,6
523,6
558,1
592,6
620,1
641,1
654,1
661,1
666,0
663,0
662,7
665,7
666,7
668,7
670,7
670,3
669,5
666,5
