657,7
661,7
662,1
664,1
669,3
672,3
672,3
673,3
679,3
685,3
682,3
680,3
683,3
685,3
682,3
685,3
695,3
704,3
715,7
729,3
738,3
739,3
746,3
751,3
744,5
727,5
714,5
700,5
678,0
658,5
643,0
625,0
600,0
582,4
580,1
589,1
598,6
615,6
627,2
628,2
627,2
628,2
622,2
608,2
597,2
589,2
578,2
567,2
565,2
558,2
545,2
535,2
522,4
501,4
475,4
447,4
421,0
392,0
364,0
334,0
303,0
269,0
233,5
208,5
195,5
183,5
164,5
143,5
129,5
113,5
90,5
75,3
73,3
74,3
80,3
98,3
113,3
124,3
132,3
135,3
136,7
139,7
140,2
141,2
141,6
142,1
143,7
144,7
145,1
155,6
162,7
166,3
167,3
