514,0,1.0
486,0,0.5
542,0,0.5
513,0,0.5
485,0,0.25
541,0,0.25
515,0,0.5
487,0,0.25
543,0,0.25
296,0,1.0
268,0,0.5
324,0,0.5
295,0,0.5
267,0,0.25
323,0,0.25
297,0,0.5
269,0,0.25
325,0,0.25
138,0,1.0
110,0,0.5
166,0,0.5
137,0,0.5
109,0,0.25
165,0,0.25
139,0,0.5
111,0,0.25
167,0,0.25
430,0,1.0
402,0,0.5
458,0,0.5
429,0,0.5
401,0,0.25
457,0,0.25
431,0,0.5
403,0,0.25
459,0,0.25
62,0,1.0
34,0,0.5
90,0,0.5
61,0,0.5
33,0,0.25
89,0,0.25
63,0,0.5
35,0,0.25
91,0,0.25
114,0,1.0
86,0,0.5
142,0,0.5
113,0,0.5
85,0,0.25
141,0,0.25
115,0,0.5
87,0,0.25
143,0,0.25
356,0,1.0
328,0,0.5
384,0,0.5
355,0,0.5
327,0,0.25
383,0,0.25
357,0,0.5
329,0,0.25
385,0,0.25
145,0,1.0
117,0,0.5
173,0,0.5
144,0,0.5
116,0,0.25
172,0,0.25
146,0,0.5
118,0,0.25
174,0,0.25
93,0,1.0
65,0,0.5
121,0,0.5
92,0,0.5
64,0,0.25
120,0,0.25
94,0,0.5
66,0,0.25
122,0,0.25
314,0,1.0
286,0,0.5
342,0,0.5
313,0,0.5
285,0,0.25
341,0,0.25
315,0,0.5
287,0,0.25
343,0,0.25
318,0,1.0
290,0,0.5
346,0,0.5
317,0,0.5
289,0,0.25
345,0,0.25
319,0,0.5
291,0,0.25
347,0,0.25
123,0,1.0
95,0,0.5
151,0,0.5
122,0,0.5
94,0,0.25
150,0,0.25
124,0,0.5
96,0,0.25
152,0,0.25
315,1,1.0
287,1,0.25
343,1,0.25
314,1,0.25
286,1,0.05
342,1,0.05
316,1,0.25
288,1,0.05
344,1,0.05
78,1,1.0
50,1,0.25
106,1,0.25
77,1,0.25
49,1,0.05
105,1,0.05
79,1,0.25
51,1,0.05
107,1,0.05
282,1,1.0
254,1,0.25
310,1,0.25
281,1,0.25
253,1,0.05
309,1,0.05
283,1,0.25
255,1,0.05
311,1,0.05
165,1,1.0
137,1,0.25
193,1,0.25
164,1,0.25
136,1,0.05
192,1,0.05
166,1,0.25
138,1,0.05
194,1,0.05
15,1,1.0
-13,1,0.25
43,1,0.25
14,1,0.25
-14,1,0.05
42,1,0.05
16,1,0.25
-12,1,0.05
44,1,0.05
318,1,1.0
290,1,0.25
346,1,0.25
317,1,0.25
289,1,0.05
345,1,0.05
319,1,0.25
291,1,0.05
347,1,0.05
380,1,1.0
352,1,0.25
408,1,0.25
379,1,0.25
351,1,0.05
407,1,0.05
381,1,0.25
353,1,0.05
409,1,0.05
457,1,1.0
429,1,0.25
485,1,0.25
456,1,0.25
428,1,0.05
484,1,0.05
458,1,0.25
430,1,0.05
486,1,0.05
411,1,1.0
383,1,0.25
439,1,0.25
410,1,0.25
382,1,0.05
438,1,0.05
412,1,0.25
384,1,0.05
440,1,0.05
376,1,1.0
348,1,0.25
404,1,0.25
375,1,0.25
347,1,0.05
403,1,0.05
377,1,0.25
349,1,0.05
405,1,0.05
428,1,1.0
400,1,0.25
456,1,0.25
427,1,0.25
399,1,0.05
455,1,0.05
429,1,0.25
401,1,0.05
457,1,0.05
313,1,1.0
285,1,0.25
341,1,0.25
312,1,0.25
284,1,0.05
340,1,0.05
314,1,0.25
286,1,0.05
342,1,0.05
532,2,0.1
450,2,0.2
368,2,0.3
285,2,0.4
231,2,0.5
147,2,0.6
93,2,0.7
96,2,0.8
181,2,0.9
238,2,1.0
296,2,1.1
381,2,1.2
465,2,1.3
548,2,1.4
579,2,1.5
552,2,1.6
499,2,1.7
414,2,1.8
332,2,1.9
249,2,2.0
166,2,2.1
82,2,2.2
