143,1
145,1
147,6
149,6
151,6
153,2
154,4
154,5
153,3
153,5
152,5
151,3
150,7
154,7
161,7
167,7
172,7
176,3
177,3
176,5
174,3
175,7
179,1
188,1
203,1
228,1
258,1
295,1
334,1
371,1
408,1
443,6
475,6
497,6
520,6
547,6
573,6
596,1
622,1
658,1
686,6
695,2
693,2
697,2
702,2
703,2
695,2
684,2
677,2
668,4
660,4
656,4
647,0
621,4
588,4
557,4
524,0
491,0
463,5
438,5
417,5
392,0
363,0
328,0
296,0
261,0
217,0
178,4
152,4
135,2
121,2
118,6
128,2
135,2
138,6
148,1
167,1
188,1
208,1
230,1
255,1
275,6
287,6
296,6
308,6
321,2
325,2
329,6
336,6
354,1
377,6
401,1
424,1
454,1
483,1
513,1
542,1
580,1
616,6
642,6
660,6
665,1
667,4
666,0
664,4
663,1
664,1
665,1
665,6
667,7
670,3
674,3
