672,3
671,7
674,1
675,6
676,0
675,5
675,5
673,3
670,3
672,3
674,5
664,5
647,5
634,5
624,5
608,5
595,3
591,3
588,3
579,3
575,3
578,3
579,3
577,3
581,7
591,1
610,1
642,1
667,7
684,1
708,7
719,3
714,3
705,3
699,5
686,5
665,5
645,5
628,5
602,5
572,0
544,0
517,0
493,4
469,4
449,4
424,4
399,4
375,4
352,4
332,2
323,2
320,2
316,2
313,2
313,2
306,4
293,2
286,2
287,2
284,2
275,2
273,2
272,2
260,4
242,4
219,0
197,0
177,5
161,5
152,3
149,3
140,5
120,5
101,3
90,3
78,3
66,3
68,7
82,7
99,7
117,7
139,7
161,7
173,3
181,3
181,5
170,5
158,3
146,5
130,3
116,3
119,3
120,3
124,3
132,3
133,3
134,1
136,5
136,4
136,2
136,2
135,2
135,3
135,1
135,2
135,7
