668,0
668,4
665,2
665,1
667,4
665,0
663,7
667,1
669,4
666,4
663,0
662,7
665,7
668,3
666,3
663,3
667,3
670,3
663,3
660,3
662,3
663,3
662,3
667,3
672,3
675,3
680,3
691,3
700,3
703,3
702,5
688,5
663,5
635,0
603,0
571,0
538,0
508,4
491,4
475,4
461,2
463,6
476,6
489,6
499,2
508,2
512,4
504,0
485,4
464,4
444,4
424,4
405,4
386,2
382,2
387,2
398,6
416,6
438,6
455,6
468,6
483,6
498,2
502,2
497,2
493,2
484,4
469,4
451,4
431,4
408,0
378,0
342,0
305,0
265,5
227,5
190,5
164,5
149,3
136,3
131,3
139,3
150,3
164,3
179,3
186,3
184,3
181,3
177,3
163,3
149,3
144,3
140,3
137,3
138,3
137,3
137,3
139,3
140,6
141,1
143,6
144,4
144,4
143,4
142,3
142,7
143,6
143,4
143,4
142,2
