71,0,0.503693721257
74,0,0.0753452825211
75,0,1.65272713564
76,0,0.112208001141
76,2,0.70308057305
79,2,0.670338388912
80,2,0.0383680263617
92,2,0.70308057305
103,0,1.51391555839
104,0,0.347482978377
107,0,0.472237399467
108,2,1.15029416855
109,2,0.210586688325
111,2,1.10111179783
112,2,0.3005883371
114,2,1.05
115,1,0.0820637910615
115,2,0.38058652593
116,1,1.62854944447
124,2,1.15029416855
125,2,0.210586688325
137,2,0.168470584457
138,2,1.66162151369
139,0,0.936197666455
140,0,0.0865360952254
146,2,0.635265593604
147,2,0.107250676925
153,1,0.48294442201
154,1,0.171672275068
155,1,1.53223046207
168,2,0.468171027823
169,2,0.181621601536
170,2,0.269537634041
171,0,1.11663567626
172,0,0.180659119768
185,1,0.788225304657
186,1,0.185966913862
187,2,0.416175514774
188,2,0.248286553114
200,2,0.986836637062
201,2,0.590567490087
210,2,0.968253907204
211,2,0.331317885276
219,2,0.909816529203
220,2,0.677691412718
231,0,0.308529374132
231,2,0.0779958376736
232,0,0.695530227992
232,1,1.7024893369
236,1,0.481572219273
237,1,1.20031037495
240,2,0.1
242,2,0.725441252825
243,2,0.171202580929
262,2,0.287078519021
263,0,0.554967630081
263,2,1.693242767
264,0,1.03631589303
267,0,0.0192975000001
268,0,0.880635656754
272,2,1.9
277,1,0.45476299342
282,2,0.0402806323353
283,2,0.42503968304
292,0,0.267307044291
293,0,1.77429063582
299,0,0.176295116078
300,0,1.19025087647
309,1,1.09128087841
314,2,0.543806331562
315,1,0.444603755645
315,2,1.12793348878
325,0,0.287704376141
334,2,0.935622247508
335,2,0.845487115706
337,0,0.452387519965
347,1,1.22738149671
358,2,1.81
359,1,0.246089180963
359,2,0.19
360,1,1.39274462603
366,2,0.207543584909
367,2,0.152596416589
369,0,1.53440516032
370,0,0.385716842002
379,2,0.342894089082
397,2,0.945248844514
410,2,0.576623732107
411,2,1.18391176948
427,1,0.0656759299326
429,2,1.04475134127
434,1,1.71204952734
453,2,1.33246722927
454,0,0.836465755358
454,2,0.656273837421
455,0,1.23785984859
458,1,0.372665144218
459,1,1.12032143634
474,2,0.368896079338
487,0,0.187212710049
493,2,0.855622439926
505,2,0.150540619532
506,2,1.57514708428
525,2,1.13420556712
536,0,0.170044593274
537,0,1.24294777782
548,2,0.844275119243
549,2,1.11926167337
558,2,0.0350826989413
559,0,0.108210800686
569,0,0.839792089678
569,2,0.255723645749
590,2,1.00959604201
591,0,1.20779660885
591,1,1.26263873898
591,2,0.913307771262
592,0,0.893261953839
601,2,1.59688711259
602,1,1.10194324453
602,2,0.267227654884
603,1,0.461009129135
623,1,0.444980390242
629,0,0.986255498932
631,2,0.545627282984
632,2,0.925197692596
633,0,0.97728413378
634,0,0.943488609481
643,2,0.3542478923
644,2,1.52198326389
656,2,1.71
659,2,0.187239673868
661,0,1.13593772659
662,2,0.180054945884
663,2,0.246375182657
664,2,0.545627282984
665,0,0.305027817263
666,0,0.284424506024
676,2,0.248286553114
688,2,0.29
691,2,1.78529089446
692,2,0.090523631987
694,2,1.73129942315
695,2,0.180054945884
