167,7
174,7
176,4
175,0
173,6
173,6
174,2
174,4
173,0
173,5
173,5
172,7
173,7
174,7
175,7
177,6
178,2
178,0
177,0
176,0
174,6
175,2
175,0
174,3
176,3
181,3
186,7
193,7
211,1
239,1
265,1
293,1
320,6
352,6
382,6
416,6
447,6
471,6
495,6
525,6
555,6
582,6
609,6
639,6
659,2
670,2
678,6
692,2
695,2
689,2
682,2
674,4
660,4
638,4
613,0
580,0
544,0
508,0
472,0
435,0
399,5
362,5
328,0
294,0
262,0
228,0
200,0
176,0
152,0
131,4
118,2
111,2
104,4
89,2
78,2
72,2
66,2
66,6
76,6
87,2
94,6
107,6
127,6
142,6
156,6
169,1
190,1
222,1
257,1
292,1
329,1
368,1
405,1
443,1
483,1
520,1
550,1
571,1
596,1
624,1
652,1
673,1
683,1
685,0
682,0
681,0
678,5
676,3
676,7
677,5
676,3
676,3
674,4
674,6
