673,7
674,1
677,5
674,5
667,3
667,7
669,3
668,5
666,7
668,1
671,7
673,6
674,5
673,5
671,3
671,7
678,7
693,3
701,3
700,3
695,3
690,3
681,5
666,3
654,3
651,3
648,3
641,3
635,3
639,7
654,1
684,7
708,7
723,7
738,7
755,7
766,3
767,3
767,3
761,3
751,3
727,3
703,5
684,5
661,0
630,5
604,5
576,0
551,0
533,0
517,0
497,4
480,4
468,4
450,4
417,4
394,4
375,4
354,4
344,4
347,4
351,2
356,2
374,2
396,2
414,6
429,6
447,6
462,6
469,6
470,6
472,2
466,2
448,2
429,2
411,4
387,4
362,4
329,4
290,0
256,0
229,0
203,0
181,5
181,5
196,5
207,3
213,7
221,7
239,3
254,3
261,7
264,7
265,3
253,3
230,3
209,3
189,5
165,5
144,5
133,5
122,5
105,5
88,3
80,5
79,5
83,3
94,3
105,3
117,7
127,7
132,7
138,7
141,1
140,6
136,1
135,5
134,0
135,5
135,5
135,6
135,2
136,2
