132,3
132,3
132,7
133,2
133,6
133,3
133,3
133,6
133,6
134,6
137,6
140,6
142,1
144,3
144,7
146,6
146,3
148,3
148,3
147,5
145,0
142,3
142,1
145,7
148,1
154,6
165,6
187,6
212,1
246,1
283,1
317,1
350,1
385,1
417,6
440,6
460,6
483,6
512,6
538,6
564,6
593,6
622,6
644,6
661,6
680,6
695,2
697,2
693,2
690,2
685,0
675,5
657,5
634,0
603,0
570,5
540,0
510,0
481,0
459,0
439,5
421,5
401,5
376,0
343,0
310,0
280,0
259,4
243,4
227,4
218,2
222,2
228,2
232,2
237,6
258,6
281,6
296,6
318,6
340,6
354,6
358,2
361,2
364,2
368,6
380,1
397,1
411,1
436,1
461,1
477,1
495,6
504,4
502,4
492,4
476,4
463,4
451,2
447,7
450,0
448,2
449,6
466,1
492,6
518,6
548,1
587,1
617,6
631,6
635,5
634,1
643,1
664,1
675,7
677,5
674,0
671,0
668,0
663,5
662,5
662,1
663,2
663,5
659,5
655,3
