0#2.397,1.762#-1.0,-1.785;0.156,0.399;2.302,0.052;0.045,0.493;-1.492,-0.929;1.39,1.011;-1.95,0.495;-0.774,1.484;1.422,1.603;-0.016,1.498;-2.18,0.777;0.727,0.118;#2.39,0.923;1.014,-1.632;-1.943,0.634;0.636,0.004;0.554,-0.19;1.08,1.099;1.078,-0.49;-2.167,1.352;0.89,-0.001;0.56,1.149;0.85,1.194;0.072,-0.795;#-2.438,-1.829;-2.286,-1.219;-1.829,-0.762;-1.676,-0.152;-1.372,0.305;-1.219,0.914;-0.914,1.372;-0.305,1.372;-0.152,0.762;0.152,0.305;0.457,-0.152;0.61,-0.762;0.61,-1.372;0.762,-1.981;1.067,-2.134;1.524,-1.981;1.829,-1.524;1.981,-0.914;2.134,-0.305;2.286,0.305;2.438,0.914;2.438,1.524;#2.438,1.524
1#2.411,1.695#-1.0,-1.785;0.156,0.399;2.302,0.052;0.045,0.493;-1.492,-0.929;1.39,1.011;-1.95,0.495;-0.774,1.484;1.422,1.603;-0.016,1.498;-2.18,0.777;0.727,0.118;#2.39,0.923;1.014,-1.632;-1.943,0.634;0.636,0.004;0.554,-0.19;1.08,1.099;1.078,-0.49;-2.167,1.352;0.89,-0.001;0.56,1.149;0.85,1.194;0.072,-0.795;#-2.438,-1.829;-2.286,-1.219;-1.829,-0.762;-1.676,-0.152;-1.372,0.305;-1.219,0.914;-0.914,1.372;-0.305,1.372;-0.152,0.762;0.152,0.305;0.457,-0.152;0.61,-0.762;0.61,-1.372;0.762,-1.981;1.067,-2.134;1.524,-1.981;1.829,-1.524;1.981,-0.914;2.134,-0.305;2.286,0.305;2.438,0.914;2.438,1.524;#2.438,1.524
2#2.404,1.572#-1.0,-1.785;0.156,0.399;2.302,0.052;0.045,0.493;-1.492,-0.929;1.39,1.011;-1.95,0.495;-0.774,1.484;1.422,1.603;-0.016,1.498;-2.18,0.777;0.727,0.118;#2.39,0.923;1.014,-1.632;-1.943,0.634;0.636,0.004;0.554,-0.19;1.08,1.099;1.078,-0.49;-2.167,1.352;0.89,-0.001;0.56,1.149;0.85,1.194;0.072,-0.795;#-2.438,-1.829;-2.286,-1.219;-1.829,-0.762;-1.676,-0.152;-1.372,0.305;-1.219,0.914;-0.914,1.372;-0.305,1.372;-0.152,0.762;0.152,0.305;0.457,-0.152;0.61,-0.762;0.61,-1.372;0.762,-1.981;1.067,-2.134;1.524,-1.981;1.829,-1.524;1.981,-0.914;2.134,-0.305;2.286,0.305;2.438,0.914;2.438,1.524;#2.438,1.524
3#2.329,1.347#-1.0,-1.785;0.156,0.399;2.302,0.052;0.045,0.493;-1.492,-0.929;1.39,1.011;-1.95,0.495;-0.774,1.484;1.422,1.603;-0.016,1.498;-2.18,0.777;0.727,0.118;#2.39,0.923;1.014,-1.632;-1.943,0.634;0.636,0.004;0.554,-0.19;1.08,1.099;1.078,-0.49;-2.167,1.352;0.89,-0.001;0.56,1.149;0.85,1.194;0.072,-0.795;#-2.438,-1.829;-2.286,-1.219;-1.829,-0.762;-1.676,-0.152;-1.372,0.305;-1.219,0.914;-0.914,1.372;-0.305,1.372;-0.152,0.762;0.152,0.305;0.457,-0.152;0.61,-0.762;0.61,-1.372;0.762,-1.981;1.067,-2.134;1.524,-1.981;1.829,-1.524;1.981,-0.914;2.134,-0.305;2.286,0.305;2.438,0.914;2.438,1.524;#2.438,1.524
4#2.251,1.109#-1.0,-1.785;0.156,0.399;2.302,0.052;0.045,0.493;-1.492,-0.929;1.39,1.011;-1.95,0.495;-0.774,1.484;1.422,1.603;-0.016,1.498;-2.18,0.777;0.727,0.118;#1.014,-1.632;-1.943,0.634;0.636,0.004;0.554,-0.19;1.08,1.099;1.078,-0.49;-2.167,1.352;0.89,-0.001;0.56,1.149;0.85,1.194;0.072,-0.795;#-2.438,-1.829;-2.286,-1.219;-1.829,-0.762;-1.676,-0.152;-1.372,0.305;-1.219,0.914;-0.914,1.372;-0.305,1.372;-0.152,0.762;0.152,0.305;0.457,-0.152;0.61,-0.762;0.61,-1.372;0.762,-1.981;1.067,-2.134;1.524,-1.981;1.829,-1.524;1.981,-0.914;2.134,-0.305;2.286,0.305;2.438,0.914;2.438,1.524;#2.438,1.524
5#2.221,0.823#-1.0,-1.785;0.156,0.399;2.302,0.052;0.045,0.493;-1.492,-0.929;1.39,1.011;-1.95,0.495;-0.774,1.484;1.422,1.603;-0.016,1.498;-2.18,0.777;0.727,0.118;#1.014,-1.632;-1.943,0.634;0.636,0.004;0.554,-0.19;1.08,1.099;1.078,-0.49;-2.167,1.352;0.89,-0.001;0.56,1.149;0.85,1.194;0.072,-0.795;#-2.438,-1.829;-2.286,-1.219;-1.829,-0.762;-1.676,-0.152;-1.372,0.305;-1.219,0.914;-0.914,1.372;-0.305,1.372;-0.152,0.762;0.152,0.305;0.457,-0.152;0.61,-0.762;0.61,-1.372;0.762,-1.981;1.067,-2.134;1.524,-1.981;1.829,-1.524;1.981,-0.914;2.134,-0.305;2.286,0.305;2.438,0.914;2.438,1.524;#2.438,1.524
6#2.178,0.519#-1.0,-1.785;0.156,0.399;2.302,0.052;0.045,0.493;-1.492,-0.929;1.39,1.011;-1.95,0.495;-0.774,1.484;1.422,1.603;-0.016,1.498;-2.18,0.777;0.727,0.118;#1.014,-1.632;-1.943,0.634;0.636,0.004;0.554,-0.19;1.08,1.099;1.078,-0.49;-2.167,1.352;0.89,-0.001;0.56,1.149;0.85,1.194;0.072,-0.795;#-2.438,-1.829;-2.286,-1.219;-1.829,-0.762;-1.676,-0.152;-1.372,0.305;-1.219,0.914;-0.914,1.372;-0.305,1.372;-0.152,0.762;0.152,0.305;0.457,-0.152;0.61,-0.762;0.61,-1.372;0.762,-1.981;1.067,-2.134;1.524,-1.981;1.829,-1.524;1.981,-0.914;2.134,-0.305;2.286,0.305;2.438,0.914;2.438,1.524;#2.438,1.524
7#2.079,0.223#-1.0,-1.785;0.156,0.399;0.045,0.493;-1.492,-0.929;1.39,1.011;-1.95,0.495;-0.774,1.484;1.422,1.603;-0.016,1.498;-2.18,0.777;0.727,0.118;#1.014,-1.632;-1.943,0.634;0.636,0.004;0.554,-0.19;1.08,1.099;1.078,-0.49;-2.167,1.352;0.89,-0.001;0.56,1.149;0.85,1.194;0.072,-0.795;#-2.438,-1.829;-2.286,-1.219;-1.829,-0.762;-1.676,-0.152;-1.372,0.305;-1.219,0.914;-0.914,1.372;-0.305,1.372;-0.152,0.762;0.152,0.305;0.457,-0.152;0.61,-0.762;0.61,-1.372;0.762,-1.981;1.067,-2.134;1.524,-1.981;1.829,-1.524;1.981,-0.914;2.134,-0.305;2.286,0.305;2.438,0.914;2.438,1.524;#2.438,1.524
8#1.992,-0.059#-1.0,-1.785;0.156,0.399;0.045,0.493;-1.492,-0.929;1.39,1.011;-1.95,0.495;-0.774,1.484;1.422,1.603;-0.016,1.498;-2.18,0.777;0.727,0.118;#1.014,-1.632;-1.943,0.634;0.636,0.004;0.554,-0.19;1.08,1.099;1.078,-0.49;-2.167,1.352;0.89,-0.001;0.56,1.149;0.85,1.194;0.072,-0.795;#-2.438,-1.829;-2.286,-1.219;-1.829,-0.762;-1.676,-0.152;-1.372,0.305;-1.219,0.914;-0.914,1.372;-0.305,1.372;-0.152,0.762;0.152,0.305;0.457,-0.152;0.61,-0.762;0.61,-1.372;0.762,-1.981;1.067,-2.134;1.524,-1.981;1.829,-1.524;1.981,-0.914;2.134,-0.305;2.286,0.305;2.438,0.914;2.438,1.524;#2.438,1.524
9#1.945,-0.351#-1.0,-1.785;0.156,0.399;0.045,0.493;-1.492,-0.929;1.39,1.011;-1.95,0.495;-0.774,1.484;1.422,1.603;-0.016,1.498;-2.18,0.777;0.727,0.118;#1.014,-1.632;-1.943,0.634;0.636,0.004;0.554,-0.19;1.08,1.099;1.078,-0.49;-2.167,1.352;0.89,-0.001;0.56,1.149;0.85,1.194;0.072,-0.795;#-2.438,-1.829;-2.286,-1.219;-1.829,-0.762;-1.676,-0.152;-1.372,0.305;-1.219,0.914;-0.914,1.372;-0.305,1.372;-0.152,0.762;0.152,0.305;0.457,-0.152;0.61,-0.762;0.61,-1.372;0.762,-1.981;1.067,-2.134;1.524,-1.981;1.829,-1.524;1.981,-0.914;2.134,-0.305;2.286,0.305;2.438,0.914;2.438,1.524;#2.438,1.524
10#1.875,-0.641#-1.0,-1.785;0.156,0.399;0.045,0.493;-1.492,-0.929;1.39,1.011;-1.95,0.495;-0.774,1.484;1.422,1.603;-0.016,1.498;-2.18,0.777;0.727,0.118;#1.014,-1.632;-1.943,0.634;0.636,0.004;0.554,-0.19;1.08,1.099;1.078,-0.49;-2.167,1.352;0.89,-0.001;0.56,1.149;0.85,1.194;0.072,-0.795;#-2.438,-1.829;-2.286,-1.219;-1.829,-0.762;-1.676,-0.152;-1.372,0.305;-1.219,0.914;-0.914,1.372;-0.305,1.372;-0.152,0.762;0.152,0.305;0.457,-0.152;0.61,-0.762;0.61,-1.372;0.762,-1.981;1.067,-2.134;1.524,-1.981;1.829,-1.524;1.981,-0.914;2.134,-0.305;2.286,0.305;2.438,0.914;2.438,1.524;#2.438,1.524
11#1.734,-0.909#-1.0,-1.785;0.156,0.399;0.045,0.493;-1.492,-0.929;1.39,1.011;-1.95,0.495;-0.774,1.484;1.422,1.603;-0.016,1.498;-2.18,0.777;0.727,0.118;#1.014,-1.632;-1.943,0.634;0.636,0.004;0.554,-0.19;1.08,1.099;1.078,-0.49;-2.167,1.352;0.89,-0.001;0.56,1.149;0.85,1.194;0.072,-0.795;#-2.438,-1.829;-2.286,-1.219;-1.829,-0.762;-1.676,-0.152;-1.372,0.305;-1.219,0.914;-0.914,1.372;-0.305,1.372;-0.152,0.762;0.152,0.305;0.457,-0.152;0.61,-0.762;0.61,-1.372;0.762,-1.981;1.067,-2.134;1.524,-1.981;1.829,-1.524;1.981,-0.914;2.134,-0.305;2.286,0.305;2.438,0.914;2.438,1.524;#2.438,1.524
12#1.583,-1.176#-1.0,-1.785;0.156,0.399;0.045,0.493;-1.492,-0.929;1.39,1.011;-1.95,0.495;-0.774,1.484;1.422,1.603;-0.016,1.498;-2.18,0.777;0.727,0.118;#1.014,-1.632;-1.943,0.634;0.636,0.004;0.554,-0.19;1.08,1.099;1.078,-0.49;-2.167,1.352;0.89,-0.001;0.56,1.149;0.85,1.194;0.072,-0.795;#-2.438,-1.829;-2.286,-1.219;-1.829,-0.762;-1.676,-0.152;-1.372,0.305;-1.219,0.914;-0.914,1.372;-0.305,1.372;-0.152,0.762;0.152,0.305;0.457,-0.152;0.61,-0.762;0.61,-1.372;0.762,-1.981;1.067,-2.134;1.524,-1.981;1.829,-1.524;1.981,-0.914;2.134,-0.305;2.286,0.305;2.438,0.914;2.438,1.524;#2.438,1.524
13#1.461,-1.441#-1.0,-1.785;0.156,0.399;0.045,0.493;-1.492,-0.929;1.39,1.011;-1.95,0.495;-0.774,1.484;1.422,1.603;-0.016,1.498;-2.18,0.777;0.727,0.118;#1.014,-1.632;-1.943,0.634;0.636,0.004;0.554,-0.19;1.08,1.099;1.078,-0.49;-2.167,1.352;0.89,-0.001;0.56,1.149;0.85,1.194;0.072,-0.795;#-2.438,-1.829;-2.286,-1.219;-1.829,-0.762;-1.676,-0.152;-1.372,0.305;-1.219,0.914;-0.914,1.372;-0.305,1.372;-0.152,0.762;0.152,0.305;0.457,-0.152;0.61,-0.762;0.61,-1.372;0.762,-1.981;1.067,-2.134;1.524,-1.981;1.829,-1.524;1.981,-0.914;2.134,-0.305;2.286,0.305;2.438,0.914;2.438,1.524;#2.438,1.524
14#1.317,-1.645#-1.0,-1.785;0.156,0.399;0.045,0.493;-1.492,-0.929;1.39,1.011;-1.95,0.495;-0.774,1.484;1.422,1.603;-0.016,1.498;-2.18,0.777;0.727,0.118;#1.014,-1.632;-1.943,0.634;0.636,0.004;0.554,-0.19;1.08,1.099;1.078,-0.49;-2.167,1.352;0.89,-0.001;0.56,1.149;0.85,1.194;0.072,-0.795;#-2.438,-1.829;-2.286,-1.219;-1.829,-0.762;-1.676,-0.152;-1.372,0.305;-1.219,0.914;-0.914,1.372;-0.305,1.372;-0.152,0.762;0.152,0.305;0.457,-0.152;0.61,-0.762;0.61,-1.372;0.762,-1.981;1.067,-2.134;1.524,-1.981;1.829,-1.524;1.981,-0.914;2.134,-0.305;2.286,0.305;2.438,0.914;2.438,1.524;#2.438,1.524
15#1.121,-1.73#-1.0,-1.785;0.156,0.399;0.045,0.493;-1.492,-0.929;1.39,1.011;-1.95,0.495;-0.774,1.484;1.422,1.603;-0.016,1.498;-2.18,0.777;0.727,0.118;#-1.943,0.634;0.636,0.004;0.554,-0.19;1.08,1.099;1.078,-0.49;-2.167,1.352;0.89,-0.001;0.56,1.149;0.85,1.194;0.072,-0.795;#-2.438,-1.829;-2.286,-1.219;-1.829,-0.762;-1.676,-0.152;-1.372,0.305;-1.219,0.914;-0.914,1.372;-0.305,1.372;-0.152,0.762;0.152,0.305;0.457,-0.152;0.61,-0.762;0.61,-1.372;0.762,-1.981;1.067,-2.134;1.524,-1.981;1.829,-1.524;1.981,-0.914;2.134,-0.305;2.286,0.305;2.438,0.914;2.438,1.524;#2.438,1.524
16#0.95,-1.765#-1.0,-1.785;0.156,0.399;0.045,0.493;-1.492,-0.929;1.39,1.011;-1.95,0.495;-0.774,1.484;1.422,1.603;-0.016,1.498;-2.18,0.777;0.727,0.118;#-1.943,0.634;0.636,0.004;0.554,-0.19;1.08,1.099;1.078,-0.49;-2.167,1.352;0.89,-0.001;0.56,1.149;0.85,1.194;0.072,-0.795;#-2.438,-1.829;-2.286,-1.219;-1.829,-0.762;-1.676,-0.152;-1.372,0.305;-1.219,0.914;-0.914,1.372;-0.305,1.372;-0.152,0.762;0.152,0.305;0.457,-0.152;0.61,-0.762;0.61,-1.372;0.762,-1.981;1.067,-2.134;1.524,-1.981;1.829,-1.524;1.981,-0.914;2.134,-0.305;2.286,0.305;2.438,0.914;2.438,1.524;#2.438,1.524
17#0.818,-1.772#-1.0,-1.785;0.156,0.399;0.045,0.493;-1.492,-0.929;1.39,1.011;-1.95,0.495;-0.774,1.484;1.422,1.603;-0.016,1.498;-2.18,0.777;0.727,0.118;#-1.943,0.634;0.636,0.004;0.554,-0.19;1.08,1.099;1.078,-0.49;-2.167,1.352;0.89,-0.001;0.56,1.149;0.85,1.194;0.072,-0.795;#-2.438,-1.829;-2.286,-1.219;-1.829,-0.762;-1.676,-0.152;-1.372,0.305;-1.219,0.914;-0.914,1.372;-0.305,1.372;-0.152,0.762;0.152,0.305;0.457,-0.152;0.61,-0.762;0.61,-1.372;0.762,-1.981;1.067,-2.134;1.524,-1.981;1.829,-1.524;1.981,-0.914;2.134,-0.305;2.286,0.305;2.438,0.914;2.438,1.524;#2.438,1.524
18#0.713,-1.741#-1.0,-1.785;0.156,0.399;0.045,0.493;-1.492,-0.929;1.39,1.011;-1.95,0.495;-0.774,1.484;1.422,1.603;-0.016,1.498;-2.18,0.777;0.727,0.118;#-1.943,0.634;0.636,0.004;0.554,-0.19;1.08,1.099;1.078,-0.49;-2.167,1.352;0.89,-0.001;0.56,1.149;0.85,1.194;0.072,-0.795;#-2.438,-1.829;-2.286,-1.219;-1.829,-0.762;-1.676,-0.152;-1.372,0.305;-1.219,0.914;-0.914,1.372;-0.305,1.372;-0.152,0.762;0.152,0.305;0.457,-0.152;0.61,-0.762;0.61,-1.372;0.762,-1.981;1.067,-2.134;1.524,-1.981;1.829,-1.524;1.981,-0.914;2.134,-0.305;2.286,0.305;2.438,0.914;2.438,1.524;#2.438,1.524
19#0.666,-1.6#-1.0,-1.785;0.156,0.399;0.045,0.493;-1.492,-0.929;1.39,1.011;-1.95,0.495;-0.774,1.484;1.422,1.603;-0.016,1.498;-2.18,0.777;0.727,0.118;#-1.943,0.634;0.636,0.004;0.554,-0.19;1.08,1.099;1.078,-0.49;-2.167,1.352;0.89,-0.001;0.56,1.149;0.85,1.194;0.072,-0.795;#-2.438,-1.829;-2.286,-1.219;-1.829,-0.762;-1.676,-0.152;-1.372,0.305;-1.219,0.914;-0.914,1.372;-0.305,1.372;-0.152,0.762;0.152,0.305;0.457,-0.152;0.61,-0.762;0.61,-1.372;0.762,-1.981;1.067,-2.134;1.524,-1.981;1.829,-1.524;1.981,-0.914;2.134,-0.305;2.286,0.305;2.438,0.914;2.438,1.524;#2.438,1.524
20#0.675,-1.377#-1.0,-1.785;0.156,0.399;0.045,0.493;-1.492,-0.929;1.39,1.011;-1.95,0.495;-0.774,1.484;1.422,1.603;-0.016,1.498;-2.18,0.777;0.727,0.118;#-1.943,0.634;0.636,0.004;0.554,-0.19;1.08,1.099;1.078,-0.49;-2.167,1.352;0.89,-0.001;0.56,1.149;0.85,1.194;0.072,-0.795;#-2.438,-1.829;-2.286,-1.219;-1.829,-0.762;-1.676,-0.152;-1.372,0.305;-1.219,0.914;-0.914,1.372;-0.305,1.372;-0.152,0.762;0.152,0.305;0.457,-0.152;0.61,-0.762;0.61,-1.372;0.762,-1.981;1.067,-2.134;1.524,-1.981;1.829,-1.524;1.981,-0.914;2.134,-0.305;2.286,0.305;2.438,0.914;2.438,1.524;#2.438,1.524
21#0.659,-1.171#-1.0,-1.785;0.156,0.399;0.045,0.493;-1.492,-0.929;1.39,1.011;-1.95,0.495;-0.774,1.484;1.422,1.603;-0.016,1.498;-2.18,0.777;0.727,0.118;#-1.943,0.634;0.636,0.004;0.554,-0.19;1.08,1.099;1.078,-0.49;-2.167,1.352;0.89,-0.001;0.56,1.149;0.85,1.194;0.072,-0.795;#-2.438,-1.829;-2.286,-1.219;-1.829,-0.762;-1.676,-0.152;-1.372,0.305;-1.219,0.914;-0.914,1.372;-0.305,1.372;-0.152,0.762;0.152,0.305;0.457,-0.152;0.61,-0.762;0.61,-1.372;0.762,-1.981;1.067,-2.134;1.524,-1.981;1.829,-1.524;1.981,-0.914;2.134,-0.305;2.286,0.305;2.438,0.914;2.438,1.524;#2.438,1.524
22#0.602,-0.924#-1.0,-1.785;0.156,0.399;0.045,0.493;-1.492,-0.929;1.39,1.011;-1.95,0.495;-0.774,1.484;1.422,1.603;-0.016,1.498;-2.18,0.777;0.727,0.118;#-1.943,0.634;0.636,0.004;0.554,-0.19;1.08,1.099;1.078,-0.49;-2.167,1.352;0.89,-0.001;0.56,1.149;0.85,1.194;0.072,-0.795;#-2.438,-1.829;-2.286,-1.219;-1.829,-0.762;-1.676,-0.152;-1.372,0.305;-1.219,0.914;-0.914,1.372;-0.305,1.372;-0.152,0.762;0.152,0.305;0.457,-0.152;0.61,-0.762;0.61,-1.372;0.762,-1.981;1.067,-2.134;1.524,-1.981;1.829,-1.524;1.981,-0.914;2.134,-0.305;2.286,0.305;2.438,0.914;2.438,1.524;#2.438,1.524
23#0.569,-0.691#-1.0,-1.785;0.156,0.399;0.045,0.493;-1.492,-0.929;1.39,1.011;-1.95,0.495;-0.774,1.484;1.422,1.603;-0.016,1.498;-2.18,0.777;0.727,0.118;#-1.943,0.634;0.636,0.004;0.554,-0.19;1.08,1.099;1.078,-0.49;-2.167,1.352;0.89,-0.001;0.56,1.149;0.85,1.194;0.072,-0.795;#-2.438,-1.829;-2.286,-1.219;-1.829,-0.762;-1.676,-0.152;-1.372,0.305;-1.219,0.914;-0.914,1.372;-0.305,1.372;-0.152,0.762;0.152,0.305;0.457,-0.152;0.61,-0.762;0.61,-1.372;0.762,-1.981;1.067,-2.134;1.524,-1.981;1.829,-1.524;1.981,-0.914;2.134,-0.305;2.286,0.305;2.438,0.914;2.438,1.524;#2.438,1.524
24#0.548,-0.427#-1.0,-1.785;0.156,0.399;0.045,0.493;-1.492,-0.929;1.39,1.011;-1.95,0.495;-0.774,1.484;1.422,1.603;-0.016,1.498;-2.18,0.777;0.727,0.118;#-1.943,0.634;0.636,0.004;0.554,-0.19;1.08,1.099;1.078,-0.49;-2.167,1.352;0.89,-0.001;0.56,1.149;0.85,1.194;0.072,-0.795;#-2.438,-1.829;-2.286,-1.219;-1.829,-0.762;-1.676,-0.152;-1.372,0.305;-1.219,0.914;-0.914,1.372;-0.305,1.372;-0.152,0.762;0.152,0.305;0.457,-0.152;0.61,-0.762;0.61,-1.372;0.762,-1.981;1.067,-2.134;1.524,-1.981;1.829,-1.524;1.981,-0.914;2.134,-0.305;2.286,0.305;2.438,0.914;2.438,1.524;#2.438,1.524
25#0.488,-0.186#-1.0,-1.785;0.156,0.399;0.045,0.493;-1.492,-0.929;1.39,1.011;-1.95,0.495;-0.774,1.484;1.422,1.603;-0.016,1.498;-2.18,0.777;0.727,0.118;#-1.943,0.634;0.636,0.004;1.08,1.099;1.078,-0.49;-2.167,1.352;0.89,-0.001;0.56,1.149;0.85,1.194;0.072,-0.795;#-2.438,-1.829;-2.286,-1.219;-1.829,-0.762;-1.676,-0.152;-1.372,0.305;-1.219,0.914;-0.914,1.372;-0.305,1.372;-0.152,0.762;0.152,0.305;0.457,-0.152;0.61,-0.762;0.61,-1.372;0.762,-1.981;1.067,-2.134;1.524,-1.981;1.829,-1.524;1.981,-0.914;2.134,-0.305;2.286,0.305;2.438,0.914;2.438,1.524;#2.438,1.524
26#0.366,0.069#-1.0,-1.785;0.156,0.399;0.045,0.493;-1.492,-0.929;1.39,1.011;-1.95,0.495;-0.774,1.484;1.422,1.603;-0.016,1.498;-2.18,0.777;0.727,0.118;#-1.943,0.634;1.08,1.099;1.078,-0.49;-2.167,1.352;0.89,-0.001;0.56,1.149;0.85,1.194;0.072,-0.795;#-2.438,-1.829;-2.286,-1.219;-1.829,-0.762;-1.676,-0.152;-1.372,0.305;-1.219,0.914;-0.914,1.372;-0.305,1.372;-0.152,0.762;0.152,0.305;0.457,-0.152;0.61,-0.762;0.61,-1.372;0.762,-1.981;1.067,-2.134;1.524,-1.981;1.829,-1.524;1.981,-0.914;2.134,-0.305;2.286,0.305;2.438,0.914;2.438,1.524;#2.438,1.524
27#0.262,0.347#-1.0,-1.785;-1.492,-0.929;1.39,1.011;-1.95,0.495;-0.774,1.484;1.422,1.603;-0.016,1.498;-2.18,0.777;0.727,0.118;#-1.943,0.634;1.08,1.099;1.078,-0.49;-2.167,1.352;0.89,-0.001;0.56,1.149;0.85,1.194;0.072,-0.795;#-2.438,-1.829;-2.286,-1.219;-1.829,-0.762;-1.676,-0.152;-1.372,0.305;-1.219,0.914;-0.914,1.372;-0.305,1.372;-0.152,0.762;0.152,0.305;0.457,-0.152;0.61,-0.762;0.61,-1.372;0.762,-1.981;1.067,-2.134;1.524,-1.981;1.829,-1.524;1.981,-0.914;2.134,-0.305;2.286,0.305;2.438,0.914;2.438,1.524;#2.438,1.524
28#0.173,0.638#-1.0,-1.785;-1.492,-0.929;1.39,1.011;-1.95,0.495;-0.774,1.484;1.422,1.603;-0.016,1.498;-2.18,0.777;0.727,0.118;#-1.943,0.634;1.08,1.099;1.078,-0.49;-2.167,1.352;0.89,-0.001;0.56,1.149;0.85,1.194;0.072,-0.795;#-2.438,-1.829;-2.286,-1.219;-1.829,-0.762;-1.676,-0.152;-1.372,0.305;-1.219,0.914;-0.914,1.372;-0.305,1.372;-0.152,0.762;0.152,0.305;0.457,-0.152;0.61,-0.762;0.61,-1.372;0.762,-1.981;1.067,-2.134;1.524,-1.981;1.829,-1.524;1.981,-0.914;2.134,-0.305;2.286,0.305;2.438,0.914;2.438,1.524;#2.438,1.524
29#0.042,0.867#-1.0,-1.785;-1.492,-0.929;1.39,1.011;-1.95,0.495;-0.774,1.484;1.422,1.603;-0.016,1.498;-2.18,0.777;0.727,0.118;#-1.943,0.634;1.08,1.099;1.078,-0.49;-2.167,1.352;0.89,-0.001;0.56,1.149;0.85,1.194;0.072,-0.795;#-2.438,-1.829;-2.286,-1.219;-1.829,-0.762;-1.676,-0.152;-1.372,0.305;-1.219,0.914;-0.914,1.372;-0.305,1.372;-0.152,0.762;0.152,0.305;0.457,-0.152;0.61,-0.762;0.61,-1.372;0.762,-1.981;1.067,-2.134;1.524,-1.981;1.829,-1.524;1.981,-0.914;2.134,-0.305;2.286,0.305;2.438,0.914;2.438,1.524;#2.438,1.524
30#-0.146,1.029#-1.0,-1.785;-1.492,-0.929;1.39,1.011;-1.95,0.495;-0.774,1.484;1.422,1.603;-0.016,1.498;-2.18,0.777;0.727,0.118;#-1.943,0.634;1.08,1.099;1.078,-0.49;-2.167,1.352;0.89,-0.001;0.56,1.149;0.85,1.194;0.072,-0.795;#-2.438,-1.829;-2.286,-1.219;-1.829,-0.762;-1.676,-0.152;-1.372,0.305;-1.219,0.914;-0.914,1.372;-0.305,1.372;-0.152,0.762;0.152,0.305;0.457,-0.152;0.61,-0.762;0.61,-1.372;0.762,-1.981;1.067,-2.134;1.524,-1.981;1.829,-1.524;1.981,-0.914;2.134,-0.305;2.286,0.305;2.438,0.914;2.438,1.524;#2.438,1.524
31#-0.323,1.148#-1.0,-1.785;-1.492,-0.929;1.39,1.011;-1.95,0.495;-0.774,1.484;1.422,1.603;-0.016,1.498;-2.18,0.777;0.727,0.118;#-1.943,0.634;1.08,1.099;1.078,-0.49;-2.167,1.352;0.89,-0.001;0.56,1.149;0.85,1.194;0.072,-0.795;#-2.438,-1.829;-2.286,-1.219;-1.829,-0.762;-1.676,-0.152;-1.372,0.305;-1.219,0.914;-0.914,1.372;-0.305,1.372;-0.152,0.762;0.152,0.305;0.457,-0.152;0.61,-0.762;0.61,-1.372;0.762,-1.981;1.067,-2.134;1.524,-1.981;1.829,-1.524;1.981,-0.914;2.134,-0.305;2.286,0.305;2.438,0.914;2.438,1.524;#2.438,1.524
32#-0.497,1.27#-1.0,-1.785;-1.492,-0.929;1.39,1.011;-1.95,0.495;-0.774,1.484;1.422,1.603;-0.016,1.498;-2.18,0.777;0.727,0.118;#-1.943,0.634;1.08,1.099;1.078,-0.49;-2.167,1.352;0.89,-0.001;0.56,1.149;0.85,1.194;0.072,-0.795;#-2.438,-1.829;-2.286,-1.219;-1.829,-0.762;-1.676,-0.152;-1.372,0.305;-1.219,0.914;-0.914,1.372;-0.305,1.372;-0.152,0.762;0.152,0.305;0.457,-0.152;0.61,-0.762;0.61,-1.372;0.762,-1.981;1.067,-2.134;1.524,-1.981;1.829,-1.524;1.981,-0.914;2.134,-0.305;2.286,0.305;2.438,0.914;2.438,1.524;#2.438,1.524
33#-0.669,1.312#-1.0,-1.785;-1.492,-0.929;1.39,1.011;-1.95,0.495;1.422,1.603;-0.016,1.498;-2.18,0.777;0.727,0.118;#-1.943,0.634;1.08,1.099;1.078,-0.49;-2.167,1.352;0.89,-0.001;0.56,1.149;0.85,1.194;0.072,-0.795;#-2.438,-1.829;-2.286,-1.219;-1.829,-0.762;-1.676,-0.152;-1.372,0.305;-1.219,0.914;-0.914,1.372;-0.305,1.372;-0.152,0.762;0.152,0.305;0.457,-0.152;0.61,-0.762;0.61,-1.372;0.762,-1.981;1.067,-2.134;1.524,-1.981;1.829,-1.524;1.981,-0.914;2.134,-0.305;2.286,0.305;2.438,0.914;2.438,1.524;#2.438,1.524
34#-0.854,1.233#-1.0,-1.785;-1.492,-0.929;1.39,1.011;-1.95,0.495;1.422,1.603;-0.016,1.498;-2.18,0.777;0.727,0.118;#-1.943,0.634;1.08,1.099;1.078,-0.49;-2.167,1.352;0.89,-0.001;0.56,1.149;0.85,1.194;0.072,-0.795;#-2.438,-1.829;-2.286,-1.219;-1.829,-0.762;-1.676,-0.152;-1.372,0.305;-1.219,0.914;-0.914,1.372;-0.305,1.372;-0.152,0.762;0.152,0.305;0.457,-0.152;0.61,-0.762;0.61,-1.372;0.762,-1.981;1.067,-2.134;1.524,-1.981;1.829,-1.524;1.981,-0.914;2.134,-0.305;2.286,0.305;2.438,0.914;2.438,1.524;#2.438,1.524
35#-1.044,1.116#-1.0,-1.785;-1.492,-0.929;1.39,1.011;-1.95,0.495;1.422,1.603;-0.016,1.498;-2.18,0.777;0.727,0.118;#-1.943,0.634;1.08,1.099;1.078,-0.49;-2.167,1.352;0.89,-0.001;0.56,1.149;0.85,1.194;0.072,-0.795;#-2.438,-1.829;-2.286,-1.219;-1.829,-0.762;-1.676,-0.152;-1.372,0.305;-1.219,0.914;-0.914,1.372;-0.305,1.372;-0.152,0.762;0.152,0.305;0.457,-0.152;0.61,-0.762;0.61,-1.372;0.762,-1.981;1.067,-2.134;1.524,-1.981;1.829,-1.524;1.981,-0.914;2.134,-0.305;2.286,0.305;2.438,0.914;2.438,1.524;#2.438,1.524
36#-1.232,0.987#-1.0,-1.785;-1.492,-0.929;1.39,1.011;-1.95,0.495;1.422,1.603;-0.016,1.498;-2.18,0.777;0.727,0.118;#-1.943,0.634;1.08,1.099;1.078,-0.49;-2.167,1.352;0.89,-0.001;0.56,1.149;0.85,1.194;0.072,-0.795;#-2.438,-1.829;-2.286,-1.219;-1.829,-0.762;-1.676,-0.152;-1.372,0.305;-1.219,0.914;-0.914,1.372;-0.305,1.372;-0.152,0.762;0.152,0.305;0.457,-0.152;0.61,-0.762;0.61,-1.372;0.762,-1.981;1.067,-2.134;1.524,-1.981;1.829,-1.524;1.981,-0.914;2.134,-0.305;2.286,0.305;2.438,0.914;2.438,1.524;#2.438,1.524
37#-1.394,0.82#-1.0,-1.785;-1.492,-0.929;1.39,1.011;-1.95,0.495;1.422,1.603;-0.016,1.498;-2.18,0.777;0.727,0.118;#-1.943,0.634;1.08,1.099;1.078,-0.49;-2.167,1.352;0.89,-0.001;0.56,1.149;0.85,1.194;0.072,-0.795;#-2.438,-1.829;-2.286,-1.219;-1.829,-0.762;-1.676,-0.152;-1.372,0.305;-1.219,0.914;-0.914,1.372;-0.305,1.372;-0.152,0.762;0.152,0.305;0.457,-0.152;0.61,-0.762;0.61,-1.372;0.762,-1.981;1.067,-2.134;1.524,-1.981;1.829,-1.524;1.981,-0.914;2.134,-0.305;2.286,0.305;2.438,0.914;2.438,1.524;#2.438,1.524
38#-1.497,0.586#-1.0,-1.785;-1.492,-0.929;1.39,1.011;-1.95,0.495;1.422,1.603;-0.016,1.498;-2.18,0.777;0.727,0.118;#-1.943,0.634;1.08,1.099;1.078,-0.49;-2.167,1.352;0.89,-0.001;0.56,1.149;0.85,1.194;0.072,-0.795;#-2.438,-1.829;-2.286,-1.219;-1.829,-0.762;-1.676,-0.152;-1.372,0.305;-1.219,0.914;-0.914,1.372;-0.305,1.372;-0.152,0.762;0.152,0.305;0.457,-0.152;0.61,-0.762;0.61,-1.372;0.762,-1.981;1.067,-2.134;1.524,-1.981;1.829,-1.524;1.981,-0.914;2.134,-0.305;2.286,0.305;2.438,0.914;2.438,1.524;#2.438,1.524
39#-1.594,0.349#-1.0,-1.785;-1.492,-0.929;1.39,1.011;-1.95,0.495;1.422,1.603;-0.016,1.498;-2.18,0.777;0.727,0.118;#-1.943,0.634;1.08,1.099;1.078,-0.49;-2.167,1.352;0.89,-0.001;0.56,1.149;0.85,1.194;0.072,-0.795;#-2.438,-1.829;-2.286,-1.219;-1.829,-0.762;-1.676,-0.152;-1.372,0.305;-1.219,0.914;-0.914,1.372;-0.305,1.372;-0.152,0.762;0.152,0.305;0.457,-0.152;0.61,-0.762;0.61,-1.372;0.762,-1.981;1.067,-2.134;1.524,-1.981;1.829,-1.524;1.981,-0.914;2.134,-0.305;2.286,0.305;2.438,0.914;2.438,1.524;#2.438,1.524
40#-1.752,0.129#-1.0,-1.785;-1.492,-0.929;1.39,1.011;-1.95,0.495;1.422,1.603;-0.016,1.498;-2.18,0.777;0.727,0.118;#-1.943,0.634;1.08,1.099;1.078,-0.49;-2.167,1.352;0.89,-0.001;0.56,1.149;0.85,1.194;0.072,-0.795;#-2.438,-1.829;-2.286,-1.219;-1.829,-0.762;-1.676,-0.152;-1.372,0.305;-1.219,0.914;-0.914,1.372;-0.305,1.372;-0.152,0.762;0.152,0.305;0.457,-0.152;0.61,-0.762;0.61,-1.372;0.762,-1.981;1.067,-2.134;1.524,-1.981;1.829,-1.524;1.981,-0.914;2.134,-0.305;2.286,0.305;2.438,0.914;2.438,1.524;#2.438,1.524
41#-1.907,-0.093#-1.0,-1.785;-1.492,-0.929;1.39,1.011;-1.95,0.495;1.422,1.603;-0.016,1.498;-2.18,0.777;0.727,0.118;#-1.943,0.634;1.08,1.099;1.078,-0.49;-2.167,1.352;0.89,-0.001;0.56,1.149;0.85,1.194;0.072,-0.795;#-2.438,-1.829;-2.286,-1.219;-1.829,-0.762;-1.676,-0.152;-1.372,0.305;-1.219,0.914;-0.914,1.372;-0.305,1.372;-0.152,0.762;0.152,0.305;0.457,-0.152;0.61,-0.762;0.61,-1.372;0.762,-1.981;1.067,-2.134;1.524,-1.981;1.829,-1.524;1.981,-0.914;2.134,-0.305;2.286,0.305;2.438,0.914;2.438,1.524;#2.438,1.524
42#-2.022,-0.343#-1.0,-1.785;-1.492,-0.929;1.39,1.011;-1.95,0.495;1.422,1.603;-0.016,1.498;-2.18,0.777;0.727,0.118;#-1.943,0.634;1.08,1.099;1.078,-0.49;-2.167,1.352;0.89,-0.001;0.56,1.149;0.85,1.194;0.072,-0.795;#-2.438,-1.829;-2.286,-1.219;-1.829,-0.762;-1.676,-0.152;-1.372,0.305;-1.219,0.914;-0.914,1.372;-0.305,1.372;-0.152,0.762;0.152,0.305;0.457,-0.152;0.61,-0.762;0.61,-1.372;0.762,-1.981;1.067,-2.134;1.524,-1.981;1.829,-1.524;1.981,-0.914;2.134,-0.305;2.286,0.305;2.438,0.914;2.438,1.524;#2.438,1.524
43#-2.129,-0.568#-1.0,-1.785;-1.492,-0.929;1.39,1.011;-1.95,0.495;1.422,1.603;-0.016,1.498;-2.18,0.777;0.727,0.118;#-1.943,0.634;1.08,1.099;1.078,-0.49;-2.167,1.352;0.89,-0.001;0.56,1.149;0.85,1.194;0.072,-0.795;#-2.438,-1.829;-2.286,-1.219;-1.829,-0.762;-1.676,-0.152;-1.372,0.305;-1.219,0.914;-0.914,1.372;-0.305,1.372;-0.152,0.762;0.152,0.305;0.457,-0.152;0.61,-0.762;0.61,-1.372;0.762,-1.981;1.067,-2.134;1.524,-1.981;1.829,-1.524;1.981,-0.914;2.134,-0.305;2.286,0.305;2.438,0.914;2.438,1.524;#2.438,1.524
44#-2.257,-0.763#-1.0,-1.785;-1.492,-0.929;1.39,1.011;-1.95,0.495;1.422,1.603;-0.016,1.498;-2.18,0.777;0.727,0.118;#-1.943,0.634;1.08,1.099;1.078,-0.49;-2.167,1.352;0.89,-0.001;0.56,1.149;0.85,1.194;0.072,-0.795;#-2.438,-1.829;-2.286,-1.219;-1.829,-0.762;-1.676,-0.152;-1.372,0.305;-1.219,0.914;-0.914,1.372;-0.305,1.372;-0.152,0.762;0.152,0.305;0.457,-0.152;0.61,-0.762;0.61,-1.372;0.762,-1.981;1.067,-2.134;1.524,-1.981;1.829,-1.524;1.981,-0.914;2.134,-0.305;2.286,0.305;2.438,0.914;2.438,1.524;#2.438,1.524
45#-2.345,-0.955#-1.0,-1.785;-1.492,-0.929;1.39,1.011;-1.95,0.495;1.422,1.603;-0.016,1.498;-2.18,0.777;0.727,0.118;#-1.943,0.634;1.08,1.099;1.078,-0.49;-2.167,1.352;0.89,-0.001;0.56,1.149;0.85,1.194;0.072,-0.795;#-2.438,-1.829;-2.286,-1.219;-1.829,-0.762;-1.676,-0.152;-1.372,0.305;-1.219,0.914;-0.914,1.372;-0.305,1.372;-0.152,0.762;0.152,0.305;0.457,-0.152;0.61,-0.762;0.61,-1.372;0.762,-1.981;1.067,-2.134;1.524,-1.981;1.829,-1.524;1.981,-0.914;2.134,-0.305;2.286,0.305;2.438,0.914;2.438,1.524;#2.438,1.524
46#-2.365,-1.169#-1.0,-1.785;-1.492,-0.929;1.39,1.011;-1.95,0.495;1.422,1.603;-0.016,1.498;-2.18,0.777;0.727,0.118;#-1.943,0.634;1.08,1.099;1.078,-0.49;-2.167,1.352;0.89,-0.001;0.56,1.149;0.85,1.194;0.072,-0.795;#-2.438,-1.829;-2.286,-1.219;-1.829,-0.762;-1.676,-0.152;-1.372,0.305;-1.219,0.914;-0.914,1.372;-0.305,1.372;-0.152,0.762;0.152,0.305;0.457,-0.152;0.61,-0.762;0.61,-1.372;0.762,-1.981;1.067,-2.134;1.524,-1.981;1.829,-1.524;1.981,-0.914;2.134,-0.305;2.286,0.305;2.438,0.914;2.438,1.524;#2.438,1.524
47#-2.385,-1.351#-1.0,-1.785;-1.492,-0.929;1.39,1.011;-1.95,0.495;1.422,1.603;-0.016,1.498;-2.18,0.777;0.727,0.118;#-1.943,0.634;1.08,1.099;1.078,-0.49;-2.167,1.352;0.89,-0.001;0.56,1.149;0.85,1.194;0.072,-0.795;#-2.438,-1.829;-2.286,-1.219;-1.829,-0.762;-1.676,-0.152;-1.372,0.305;-1.219,0.914;-0.914,1.372;-0.305,1.372;-0.152,0.762;0.152,0.305;0.457,-0.152;0.61,-0.762;0.61,-1.372;0.762,-1.981;1.067,-2.134;1.524,-1.981;1.829,-1.524;1.981,-0.914;2.134,-0.305;2.286,0.305;2.438,0.914;2.438,1.524;#2.438,1.524
48#-2.453,-1.486#-1.0,-1.785;-1.492,-0.929;1.39,1.011;-1.95,0.495;1.422,1.603;-0.016,1.498;-2.18,0.777;0.727,0.118;#-1.943,0.634;1.08,1.099;1.078,-0.49;-2.167,1.352;0.89,-0.001;0.56,1.149;0.85,1.194;0.072,-0.795;#-2.438,-1.829;-2.286,-1.219;-1.829,-0.762;-1.676,-0.152;-1.372,0.305;-1.219,0.914;-0.914,1.372;-0.305,1.372;-0.152,0.762;0.152,0.305;0.457,-0.152;0.61,-0.762;0.61,-1.372;0.762,-1.981;1.067,-2.134;1.524,-1.981;1.829,-1.524;1.981,-0.914;2.134,-0.305;2.286,0.305;2.438,0.914;2.438,1.524;#2.438,1.524
49#-2.529,-1.61#-1.0,-1.785;-1.492,-0.929;1.39,1.011;-1.95,0.495;1.422,1.603;-0.016,1.498;-2.18,0.777;0.727,0.118;#-1.943,0.634;1.08,1.099;1.078,-0.49;-2.167,1.352;0.89,-0.001;0.56,1.149;0.85,1.194;0.072,-0.795;#-2.438,-1.829;-2.286,-1.219;-1.829,-0.762;-1.676,-0.152;-1.372,0.305;-1.219,0.914;-0.914,1.372;-0.305,1.372;-0.152,0.762;0.152,0.305;0.457,-0.152;0.61,-0.762;0.61,-1.372;0.762,-1.981;1.067,-2.134;1.524,-1.981;1.829,-1.524;1.981,-0.914;2.134,-0.305;2.286,0.305;2.438,0.914;2.438,1.524;#2.438,1.524
50#-2.569,-1.72#-1.0,-1.785;-1.492,-0.929;1.39,1.011;-1.95,0.495;1.422,1.603;-0.016,1.498;-2.18,0.777;0.727,0.118;#-1.943,0.634;1.08,1.099;1.078,-0.49;-2.167,1.352;0.89,-0.001;0.56,1.149;0.85,1.194;0.072,-0.795;#-2.438,-1.829;-2.286,-1.219;-1.829,-0.762;-1.676,-0.152;-1.372,0.305;-1.219,0.914;-0.914,1.372;-0.305,1.372;-0.152,0.762;0.152,0.305;0.457,-0.152;0.61,-0.762;0.61,-1.372;0.762,-1.981;1.067,-2.134;1.524,-1.981;1.829,-1.524;1.981,-0.914;2.134,-0.305;2.286,0.305;2.438,0.914;2.438,1.524;#2.438,1.524
51#-2.579,-1.786#-1.0,-1.785;-1.492,-0.929;1.39,1.011;-1.95,0.495;1.422,1.603;-0.016,1.498;-2.18,0.777;0.727,0.118;#-1.943,0.634;1.08,1.099;1.078,-0.49;-2.167,1.352;0.89,-0.001;0.56,1.149;0.85,1.194;0.072,-0.795;#-2.438,-1.829;-2.286,-1.219;-1.829,-0.762;-1.676,-0.152;-1.372,0.305;-1.219,0.914;-0.914,1.372;-0.305,1.372;-0.152,0.762;0.152,0.305;0.457,-0.152;0.61,-0.762;0.61,-1.372;0.762,-1.981;1.067,-2.134;1.524,-1.981;1.829,-1.524;1.981,-0.914;2.134,-0.305;2.286,0.305;2.438,0.914;2.438,1.524;#2.438,1.524
52#-2.571,-1.736#-1.0,-1.785;-1.492,-0.929;1.39,1.011;-1.95,0.495;1.422,1.603;-0.016,1.498;-2.18,0.777;0.727,0.118;#-1.943,0.634;1.08,1.099;1.078,-0.49;-2.167,1.352;0.89,-0.001;0.56,1.149;0.85,1.194;0.072,-0.795;#-2.438,-1.829;-2.286,-1.219;-1.829,-0.762;-1.676,-0.152;-1.372,0.305;-1.219,0.914;-0.914,1.372;-0.305,1.372;-0.152,0.762;0.152,0.305;0.457,-0.152;0.61,-0.762;0.61,-1.372;0.762,-1.981;1.067,-2.134;1.524,-1.981;1.829,-1.524;1.981,-0.914;2.134,-0.305;2.286,0.305;2.438,0.914;2.438,1.524;#2.438,1.524
53#-2.514,-1.606#-1.0,-1.785;-1.492,-0.929;1.39,1.011;-1.95,0.495;1.422,1.603;-0.016,1.498;-2.18,0.777;0.727,0.118;#-1.943,0.634;1.08,1.099;1.078,-0.49;-2.167,1.352;0.89,-0.001;0.56,1.149;0.85,1.194;0.072,-0.795;#-2.438,-1.829;-2.286,-1.219;-1.829,-0.762;-1.676,-0.152;-1.372,0.305;-1.219,0.914;-0.914,1.372;-0.305,1.372;-0.152,0.762;0.152,0.305;0.457,-0.152;0.61,-0.762;0.61,-1.372;0.762,-1.981;1.067,-2.134;1.524,-1.981;1.829,-1.524;1.981,-0.914;2.134,-0.305;2.286,0.305;2.438,0.914;2.438,1.524;#2.438,1.524
54#-2.456,-1.532#-1.0,-1.785;-1.492,-0.929;1.39,1.011;-1.95,0.495;1.422,1.603;-0.016,1.498;-2.18,0.777;0.727,0.118;#-1.943,0.634;1.08,1.099;1.078,-0.49;-2.167,1.352;0.89,-0.001;0.56,1.149;0.85,1.194;0.072,-0.795;#-2.438,-1.829;-2.286,-1.219;-1.829,-0.762;-1.676,-0.152;-1.372,0.305;-1.219,0.914;-0.914,1.372;-0.305,1.372;-0.152,0.762;0.152,0.305;0.457,-0.152;0.61,-0.762;0.61,-1.372;0.762,-1.981;1.067,-2.134;1.524,-1.981;1.829,-1.524;1.981,-0.914;2.134,-0.305;2.286,0.305;2.438,0.914;2.438,1.524;#2.438,1.524
55#-2.445,-1.517#-1.0,-1.785;-1.492,-0.929;1.39,1.011;-1.95,0.495;1.422,1.603;-0.016,1.498;-2.18,0.777;0.727,0.118;#-1.943,0.634;1.08,1.099;1.078,-0.49;-2.167,1.352;0.89,-0.001;0.56,1.149;0.85,1.194;0.072,-0.795;#-2.438,-1.829;-2.286,-1.219;-1.829,-0.762;-1.676,-0.152;-1.372,0.305;-1.219,0.914;-0.914,1.372;-0.305,1.372;-0.152,0.762;0.152,0.305;0.457,-0.152;0.61,-0.762;0.61,-1.372;0.762,-1.981;1.067,-2.134;1.524,-1.981;1.829,-1.524;1.981,-0.914;2.134,-0.305;2.286,0.305;2.438,0.914;2.438,1.524;#2.438,1.524
56#-2.408,-1.515#-1.0,-1.785;-1.492,-0.929;1.39,1.011;-1.95,0.495;1.422,1.603;-0.016,1.498;-2.18,0.777;0.727,0.118;#-1.943,0.634;1.08,1.099;1.078,-0.49;-2.167,1.352;0.89,-0.001;0.56,1.149;0.85,1.194;0.072,-0.795;#-2.438,-1.829;-2.286,-1.219;-1.829,-0.762;-1.676,-0.152;-1.372,0.305;-1.219,0.914;-0.914,1.372;-0.305,1.372;-0.152,0.762;0.152,0.305;0.457,-0.152;0.61,-0.762;0.61,-1.372;0.762,-1.981;1.067,-2.134;1.524,-1.981;1.829,-1.524;1.981,-0.914;2.134,-0.305;2.286,0.305;2.438,0.914;2.438,1.524;#2.438,1.524
57#-2.296,-1.512#-1.0,-1.785;-1.492,-0.929;1.39,1.011;-1.95,0.495;1.422,1.603;-0.016,1.498;-2.18,0.777;0.727,0.118;#-1.943,0.634;1.08,1.099;1.078,-0.49;-2.167,1.352;0.89,-0.001;0.56,1.149;0.85,1.194;0.072,-0.795;#-2.438,-1.829;-2.286,-1.219;-1.829,-0.762;-1.676,-0.152;-1.372,0.305;-1.219,0.914;-0.914,1.372;-0.305,1.372;-0.152,0.762;0.152,0.305;0.457,-0.152;0.61,-0.762;0.61,-1.372;0.762,-1.981;1.067,-2.134;1.524,-1.981;1.829,-1.524;1.981,-0.914;2.134,-0.305;2.286,0.305;2.438,0.914;2.438,1.524;#2.438,1.524
58#-2.196,-1.485#-1.0,-1.785;-1.492,-0.929;1.39,1.011;-1.95,0.495;1.422,1.603;-0.016,1.498;-2.18,0.777;0.727,0.118;#-1.943,0.634;1.08,1.099;1.078,-0.49;-2.167,1.352;0.89,-0.001;0.56,1.149;0.85,1.194;0.072,-0.795;#-2.438,-1.829;-2.286,-1.219;-1.829,-0.762;-1.676,-0.152;-1.372,0.305;-1.219,0.914;-0.914,1.372;-0.305,1.372;-0.152,0.762;0.152,0.305;0.457,-0.152;0.61,-0.762;0.61,-1.372;0.762,-1.981;1.067,-2.134;1.524,-1.981;1.829,-1.524;1.981,-0.914;2.134,-0.305;2.286,0.305;2.438,0.914;2.438,1.524;#2.438,1.524
59#-2.16,-1.487#-1.0,-1.785;-1.492,-0.929;1.39,1.011;-1.95,0.495;1.422,1.603;-0.016,1.498;-2.18,0.777;0.727,0.118;#-1.943,0.634;1.08,1.099;1.078,-0.49;-2.167,1.352;0.89,-0.001;0.56,1.149;0.85,1.194;0.072,-0.795;#-2.438,-1.829;-2.286,-1.219;-1.829,-0.762;-1.676,-0.152;-1.372,0.305;-1.219,0.914;-0.914,1.372;-0.305,1.372;-0.152,0.762;0.152,0.305;0.457,-0.152;0.61,-0.762;0.61,-1.372;0.762,-1.981;1.067,-2.134;1.524,-1.981;1.829,-1.524;1.981,-0.914;2.134,-0.305;2.286,0.305;2.438,0.914;2.438,1.524;#2.438,1.524
60#-2.156,-1.495#-1.0,-1.785;-1.492,-0.929;1.39,1.011;-1.95,0.495;1.422,1.603;-0.016,1.498;-2.18,0.777;0.727,0.118;#-1.943,0.634;1.08,1.099;1.078,-0.49;-2.167,1.352;0.89,-0.001;0.56,1.149;0.85,1.194;0.072,-0.795;#-2.438,-1.829;-2.286,-1.219;-1.829,-0.762;-1.676,-0.152;-1.372,0.305;-1.219,0.914;-0.914,1.372;-0.305,1.372;-0.152,0.762;0.152,0.305;0.457,-0.152;0.61,-0.762;0.61,-1.372;0.762,-1.981;1.067,-2.134;1.524,-1.981;1.829,-1.524;1.981,-0.914;2.134,-0.305;2.286,0.305;2.438,0.914;2.438,1.524;#2.438,1.524
61#-2.178,-1.486#-1.0,-1.785;-1.492,-0.929;1.39,1.011;-1.95,0.495;1.422,1.603;-0.016,1.498;-2.18,0.777;0.727,0.118;#-1.943,0.634;1.08,1.099;1.078,-0.49;-2.167,1.352;0.89,-0.001;0.56,1.149;0.85,1.194;0.072,-0.795;#-2.438,-1.829;-2.286,-1.219;-1.829,-0.762;-1.676,-0.152;-1.372,0.305;-1.219,0.914;-0.914,1.372;-0.305,1.372;-0.152,0.762;0.152,0.305;0.457,-0.152;0.61,-0.762;0.61,-1.372;0.762,-1.981;1.067,-2.134;1.524,-1.981;1.829,-1.524;1.981,-0.914;2.134,-0.305;2.286,0.305;2.438,0.914;2.438,1.524;#2.438,1.524
62#-2.24,-1.485#-1.0,-1.785;-1.492,-0.929;1.39,1.011;-1.95,0.495;1.422,1.603;-0.016,1.498;-2.18,0.777;0.727,0.118;#-1.943,0.634;1.08,1.099;1.078,-0.49;-2.167,1.352;0.89,-0.001;0.56,1.149;0.85,1.194;0.072,-0.795;#-2.438,-1.829;-2.286,-1.219;-1.829,-0.762;-1.676,-0.152;-1.372,0.305;-1.219,0.914;-0.914,1.372;-0.305,1.372;-0.152,0.762;0.152,0.305;0.457,-0.152;0.61,-0.762;0.61,-1.372;0.762,-1.981;1.067,-2.134;1.524,-1.981;1.829,-1.524;1.981,-0.914;2.134,-0.305;2.286,0.305;2.438,0.914;2.438,1.524;#2.438,1.524
63#-2.341,-1.555#-1.0,-1.785;-1.492,-0.929;1.39,1.011;-1.95,0.495;1.422,1.603;-0.016,1.498;-2.18,0.777;0.727,0.118;#-1.943,0.634;1.08,1.099;1.078,-0.49;-2.167,1.352;0.89,-0.001;0.56,1.149;0.85,1.194;0.072,-0.795;#-2.438,-1.829;-2.286,-1.219;-1.829,-0.762;-1.676,-0.152;-1.372,0.305;-1.219,0.914;-0.914,1.372;-0.305,1.372;-0.152,0.762;0.152,0.305;0.457,-0.152;0.61,-0.762;0.61,-1.372;0.762,-1.981;1.067,-2.134;1.524,-1.981;1.829,-1.524;1.981,-0.914;2.134,-0.305;2.286,0.305;2.438,0.914;2.438,1.524;#2.438,1.524
