0#2.196,1.553#0.436,-1.81;-0.22,-1.677;-0.374,-0.706;-0.691,-0.367;-1.268,0.049;-1.979,-0.263;-1.344,-0.321;0.111,-0.399;-0.0,1.054;-1.462,-0.721;1.553,-0.462;1.78,1.135;#-1.112,-0.187;1.234,-1.332;-0.507,-0.868;0.227,0.55;-1.295,-0.388;-1.59,-1.55;1.555,0.902;2.201,-1.121;1.394,0.086;-0.123,0.856;-0.567,0.012;#-2.438,-1.829;-2.438,-1.219;-1.981,-0.914;-1.676,-0.457;-1.524,0.152;-1.219,0.61;-0.914,1.067;-0.457,1.372;-0.0,1.524;0.457,1.372;0.457,0.762;0.457,0.152;0.305,-0.457;0.305,-1.067;0.305,-1.676;0.914,-1.676;1.219,-1.067;1.524,-0.61;1.676,-0.0;1.829,0.61;1.981,1.219;2.438,1.676;#2.438,1.676
1#2.176,1.401#0.436,-1.81;-0.22,-1.677;-0.374,-0.706;-0.691,-0.367;-1.268,0.049;-1.979,-0.263;-1.344,-0.321;0.111,-0.399;-0.0,1.054;-1.462,-0.721;1.553,-0.462;1.78,1.135;#-1.112,-0.187;1.234,-1.332;-0.507,-0.868;0.227,0.55;-1.295,-0.388;-1.59,-1.55;1.555,0.902;2.201,-1.121;1.394,0.086;-0.123,0.856;-0.567,0.012;#-2.438,-1.829;-2.438,-1.219;-1.981,-0.914;-1.676,-0.457;-1.524,0.152;-1.219,0.61;-0.914,1.067;-0.457,1.372;-0.0,1.524;0.457,1.372;0.457,0.762;0.457,0.152;0.305,-0.457;0.305,-1.067;0.305,-1.676;0.914,-1.676;1.219,-1.067;1.524,-0.61;1.676,-0.0;1.829,0.61;1.981,1.219;2.438,1.676;#2.438,1.676
2#2.151,1.253#0.436,-1.81;-0.22,-1.677;-0.374,-0.706;-0.691,-0.367;-1.268,0.049;-1.979,-0.263;-1.344,-0.321;0.111,-0.399;-0.0,1.054;-1.462,-0.721;1.553,-0.462;1.78,1.135;#-1.112,-0.187;1.234,-1.332;-0.507,-0.868;0.227,0.55;-1.295,-0.388;-1.59,-1.55;1.555,0.902;2.201,-1.121;1.394,0.086;-0.123,0.856;-0.567,0.012;#-2.438,-1.829;-2.438,-1.219;-1.981,-0.914;-1.676,-0.457;-1.524,0.152;-1.219,0.61;-0.914,1.067;-0.457,1.372;-0.0,1.524;0.457,1.372;0.457,0.762;0.457,0.152;0.305,-0.457;0.305,-1.067;0.305,-1.676;0.914,-1.676;1.219,-1.067;1.524,-0.61;1.676,-0.0;1.829,0.61;1.981,1.219;2.438,1.676;#2.438,1.676
3#2.062,1.086#0.436,-1.81;-0.22,-1.677;-0.374,-0.706;-0.691,-0.367;-1.268,0.049;-1.979,-0.263;-1.344,-0.321;0.111,-0.399;-0.0,1.054;-1.462,-0.721;1.553,-0.462;1.78,1.135;#-1.112,-0.187;1.234,-1.332;-0.507,-0.868;0.227,0.55;-1.295,-0.388;-1.59,-1.55;1.555,0.902;2.201,-1.121;1.394,0.086;-0.123,0.856;-0.567,0.012;#-2.438,-1.829;-2.438,-1.219;-1.981,-0.914;-1.676,-0.457;-1.524,0.152;-1.219,0.61;-0.914,1.067;-0.457,1.372;-0.0,1.524;0.457,1.372;0.457,0.762;0.457,0.152;0.305,-0.457;0.305,-1.067;0.305,-1.676;0.914,-1.676;1.219,-1.067;1.524,-0.61;1.676,-0.0;1.829,0.61;1.981,1.219;2.438,1.676;#2.438,1.676
4#1.92,0.891#0.436,-1.81;-0.22,-1.677;-0.374,-0.706;-0.691,-0.367;-1.268,0.049;-1.979,-0.263;-1.344,-0.321;0.111,-0.399;-0.0,1.054;-1.462,-0.721;1.553,-0.462;#-1.112,-0.187;1.234,-1.332;-0.507,-0.868;0.227,0.55;-1.295,-0.388;-1.59,-1.55;1.555,0.902;2.201,-1.121;1.394,0.086;-0.123,0.856;-0.567,0.012;#-2.438,-1.829;-2.438,-1.219;-1.981,-0.914;-1.676,-0.457;-1.524,0.152;-1.219,0.61;-0.914,1.067;-0.457,1.372;-0.0,1.524;0.457,1.372;0.457,0.762;0.457,0.152;0.305,-0.457;0.305,-1.067;0.305,-1.676;0.914,-1.676;1.219,-1.067;1.524,-0.61;1.676,-0.0;1.829,0.61;1.981,1.219;2.438,1.676;#2.438,1.676
5#1.82,0.671#0.436,-1.81;-0.22,-1.677;-0.374,-0.706;-0.691,-0.367;-1.268,0.049;-1.979,-0.263;-1.344,-0.321;0.111,-0.399;-0.0,1.054;-1.462,-0.721;1.553,-0.462;#-1.112,-0.187;1.234,-1.332;-0.507,-0.868;0.227,0.55;-1.295,-0.388;-1.59,-1.55;1.555,0.902;2.201,-1.121;1.394,0.086;-0.123,0.856;-0.567,0.012;#-2.438,-1.829;-2.438,-1.219;-1.981,-0.914;-1.676,-0.457;-1.524,0.152;-1.219,0.61;-0.914,1.067;-0.457,1.372;-0.0,1.524;0.457,1.372;0.457,0.762;0.457,0.152;0.305,-0.457;0.305,-1.067;0.305,-1.676;0.914,-1.676;1.219,-1.067;1.524,-0.61;1.676,-0.0;1.829,0.61;1.981,1.219;2.438,1.676;#2.438,1.676
6#1.736,0.397#0.436,-1.81;-0.22,-1.677;-0.374,-0.706;-0.691,-0.367;-1.268,0.049;-1.979,-0.263;-1.344,-0.321;0.111,-0.399;-0.0,1.054;-1.462,-0.721;1.553,-0.462;#-1.112,-0.187;1.234,-1.332;-0.507,-0.868;0.227,0.55;-1.295,-0.388;-1.59,-1.55;1.555,0.902;2.201,-1.121;1.394,0.086;-0.123,0.856;-0.567,0.012;#-2.438,-1.829;-2.438,-1.219;-1.981,-0.914;-1.676,-0.457;-1.524,0.152;-1.219,0.61;-0.914,1.067;-0.457,1.372;-0.0,1.524;0.457,1.372;0.457,0.762;0.457,0.152;0.305,-0.457;0.305,-1.067;0.305,-1.676;0.914,-1.676;1.219,-1.067;1.524,-0.61;1.676,-0.0;1.829,0.61;1.981,1.219;2.438,1.676;#2.438,1.676
7#1.609,0.147#0.436,-1.81;-0.22,-1.677;-0.374,-0.706;-0.691,-0.367;-1.268,0.049;-1.979,-0.263;-1.344,-0.321;0.111,-0.399;-0.0,1.054;-1.462,-0.721;1.553,-0.462;#-1.112,-0.187;1.234,-1.332;-0.507,-0.868;0.227,0.55;-1.295,-0.388;-1.59,-1.55;1.555,0.902;2.201,-1.121;1.394,0.086;-0.123,0.856;-0.567,0.012;#-2.438,-1.829;-2.438,-1.219;-1.981,-0.914;-1.676,-0.457;-1.524,0.152;-1.219,0.61;-0.914,1.067;-0.457,1.372;-0.0,1.524;0.457,1.372;0.457,0.762;0.457,0.152;0.305,-0.457;0.305,-1.067;0.305,-1.676;0.914,-1.676;1.219,-1.067;1.524,-0.61;1.676,-0.0;1.829,0.61;1.981,1.219;2.438,1.676;#2.438,1.676
8#1.446,-0.118#0.436,-1.81;-0.22,-1.677;-0.374,-0.706;-0.691,-0.367;-1.268,0.049;-1.979,-0.263;-1.344,-0.321;0.111,-0.399;-0.0,1.054;-1.462,-0.721;1.553,-0.462;#-1.112,-0.187;1.234,-1.332;-0.507,-0.868;0.227,0.55;-1.295,-0.388;-1.59,-1.55;1.555,0.902;2.201,-1.121;-0.123,0.856;-0.567,0.012;#-2.438,-1.829;-2.438,-1.219;-1.981,-0.914;-1.676,-0.457;-1.524,0.152;-1.219,0.61;-0.914,1.067;-0.457,1.372;-0.0,1.524;0.457,1.372;0.457,0.762;0.457,0.152;0.305,-0.457;0.305,-1.067;0.305,-1.676;0.914,-1.676;1.219,-1.067;1.524,-0.61;1.676,-0.0;1.829,0.61;1.981,1.219;2.438,1.676;#2.438,1.676
9#1.334,-0.396#0.436,-1.81;-0.22,-1.677;-0.374,-0.706;-0.691,-0.367;-1.268,0.049;-1.979,-0.263;-1.344,-0.321;0.111,-0.399;-0.0,1.054;-1.462,-0.721;#-1.112,-0.187;1.234,-1.332;-0.507,-0.868;0.227,0.55;-1.295,-0.388;-1.59,-1.55;1.555,0.902;2.201,-1.121;-0.123,0.856;-0.567,0.012;#-2.438,-1.829;-2.438,-1.219;-1.981,-0.914;-1.676,-0.457;-1.524,0.152;-1.219,0.61;-0.914,1.067;-0.457,1.372;-0.0,1.524;0.457,1.372;0.457,0.762;0.457,0.152;0.305,-0.457;0.305,-1.067;0.305,-1.676;0.914,-1.676;1.219,-1.067;1.524,-0.61;1.676,-0.0;1.829,0.61;1.981,1.219;2.438,1.676;#2.438,1.676
10#1.22,-0.673#0.436,-1.81;-0.22,-1.677;-0.374,-0.706;-0.691,-0.367;-1.268,0.049;-1.979,-0.263;-1.344,-0.321;0.111,-0.399;-0.0,1.054;-1.462,-0.721;#-1.112,-0.187;1.234,-1.332;-0.507,-0.868;0.227,0.55;-1.295,-0.388;-1.59,-1.55;1.555,0.902;2.201,-1.121;-0.123,0.856;-0.567,0.012;#-2.438,-1.829;-2.438,-1.219;-1.981,-0.914;-1.676,-0.457;-1.524,0.152;-1.219,0.61;-0.914,1.067;-0.457,1.372;-0.0,1.524;0.457,1.372;0.457,0.762;0.457,0.152;0.305,-0.457;0.305,-1.067;0.305,-1.676;0.914,-1.676;1.219,-1.067;1.524,-0.61;1.676,-0.0;1.829,0.61;1.981,1.219;2.438,1.676;#2.438,1.676
11#1.049,-0.895#0.436,-1.81;-0.22,-1.677;-0.374,-0.706;-0.691,-0.367;-1.268,0.049;-1.979,-0.263;-1.344,-0.321;0.111,-0.399;-0.0,1.054;-1.462,-0.721;#-1.112,-0.187;1.234,-1.332;-0.507,-0.868;0.227,0.55;-1.295,-0.388;-1.59,-1.55;1.555,0.902;2.201,-1.121;-0.123,0.856;-0.567,0.012;#-2.438,-1.829;-2.438,-1.219;-1.981,-0.914;-1.676,-0.457;-1.524,0.152;-1.219,0.61;-0.914,1.067;-0.457,1.372;-0.0,1.524;0.457,1.372;0.457,0.762;0.457,0.152;0.305,-0.457;0.305,-1.067;0.305,-1.676;0.914,-1.676;1.219,-1.067;1.524,-0.61;1.676,-0.0;1.829,0.61;1.981,1.219;2.438,1.676;#2.438,1.676
12#0.859,-1.082#0.436,-1.81;-0.22,-1.677;-0.374,-0.706;-0.691,-0.367;-1.268,0.049;-1.979,-0.263;-1.344,-0.321;0.111,-0.399;-0.0,1.054;-1.462,-0.721;#-1.112,-0.187;1.234,-1.332;-0.507,-0.868;0.227,0.55;-1.295,-0.388;-1.59,-1.55;1.555,0.902;2.201,-1.121;-0.123,0.856;-0.567,0.012;#-2.438,-1.829;-2.438,-1.219;-1.981,-0.914;-1.676,-0.457;-1.524,0.152;-1.219,0.61;-0.914,1.067;-0.457,1.372;-0.0,1.524;0.457,1.372;0.457,0.762;0.457,0.152;0.305,-0.457;0.305,-1.067;0.305,-1.676;0.914,-1.676;1.219,-1.067;1.524,-0.61;1.676,-0.0;1.829,0.61;1.981,1.219;2.438,1.676;#2.438,1.676
13#0.678,-1.244#0.436,-1.81;-0.22,-1.677;-0.374,-0.706;-0.691,-0.367;-1.268,0.049;-1.979,-0.263;-1.344,-0.321;0.111,-0.399;-0.0,1.054;-1.462,-0.721;#-1.112,-0.187;1.234,-1.332;-0.507,-0.868;0.227,0.55;-1.295,-0.388;-1.59,-1.55;1.555,0.902;2.201,-1.121;-0.123,0.856;-0.567,0.012;#-2.438,-1.829;-2.438,-1.219;-1.981,-0.914;-1.676,-0.457;-1.524,0.152;-1.219,0.61;-0.914,1.067;-0.457,1.372;-0.0,1.524;0.457,1.372;0.457,0.762;0.457,0.152;0.305,-0.457;0.305,-1.067;0.305,-1.676;0.914,-1.676;1.219,-1.067;1.524,-0.61;1.676,-0.0;1.829,0.61;1.981,1.219;2.438,1.676;#2.438,1.676
14#0.525,-1.304#0.436,-1.81;-0.22,-1.677;-0.374,-0.706;-0.691,-0.367;-1.268,0.049;-1.979,-0.263;-1.344,-0.321;0.111,-0.399;-0.0,1.054;-1.462,-0.721;#-1.112,-0.187;1.234,-1.332;-0.507,-0.868;0.227,0.55;-1.295,-0.388;-1.59,-1.55;1.555,0.902;2.201,-1.121;-0.123,0.856;-0.567,0.012;#-2.438,-1.829;-2.438,-1.219;-1.981,-0.914;-1.676,-0.457;-1.524,0.152;-1.219,0.61;-0.914,1.067;-0.457,1.372;-0.0,1.524;0.457,1.372;0.457,0.762;0.457,0.152;0.305,-0.457;0.305,-1.067;0.305,-1.676;0.914,-1.676;1.219,-1.067;1.524,-0.61;1.676,-0.0;1.829,0.61;1.981,1.219;2.438,1.676;#2.438,1.676
15#0.416,-1.248#0.436,-1.81;-0.22,-1.677;-0.374,-0.706;-0.691,-0.367;-1.268,0.049;-1.979,-0.263;-1.344,-0.321;0.111,-0.399;-0.0,1.054;-1.462,-0.721;#-1.112,-0.187;1.234,-1.332;-0.507,-0.868;0.227,0.55;-1.295,-0.388;-1.59,-1.55;1.555,0.902;2.201,-1.121;-0.123,0.856;-0.567,0.012;#-2.438,-1.829;-2.438,-1.219;-1.981,-0.914;-1.676,-0.457;-1.524,0.152;-1.219,0.61;-0.914,1.067;-0.457,1.372;-0.0,1.524;0.457,1.372;0.457,0.762;0.457,0.152;0.305,-0.457;0.305,-1.067;0.305,-1.676;0.914,-1.676;1.219,-1.067;1.524,-0.61;1.676,-0.0;1.829,0.61;1.981,1.219;2.438,1.676;#2.438,1.676
16#0.326,-1.164#0.436,-1.81;-0.22,-1.677;-0.374,-0.706;-0.691,-0.367;-1.268,0.049;-1.979,-0.263;-1.344,-0.321;0.111,-0.399;-0.0,1.054;-1.462,-0.721;#-1.112,-0.187;1.234,-1.332;-0.507,-0.868;0.227,0.55;-1.295,-0.388;-1.59,-1.55;1.555,0.902;2.201,-1.121;-0.123,0.856;-0.567,0.012;#-2.438,-1.829;-2.438,-1.219;-1.981,-0.914;-1.676,-0.457;-1.524,0.152;-1.219,0.61;-0.914,1.067;-0.457,1.372;-0.0,1.524;0.457,1.372;0.457,0.762;0.457,0.152;0.305,-0.457;0.305,-1.067;0.305,-1.676;0.914,-1.676;1.219,-1.067;1.524,-0.61;1.676,-0.0;1.829,0.61;1.981,1.219;2.438,1.676;#2.438,1.676
17#0.227,-1.044#0.436,-1.81;-0.22,-1.677;-0.374,-0.706;-0.691,-0.367;-1.268,0.049;-1.979,-0.263;-1.344,-0.321;0.111,-0.399;-0.0,1.054;-1.462,-0.721;#-1.112,-0.187;1.234,-1.332;-0.507,-0.868;0.227,0.55;-1.295,-0.388;-1.59,-1.55;1.555,0.902;2.201,-1.121;-0.123,0.856;-0.567,0.012;#-2.438,-1.829;-2.438,-1.219;-1.981,-0.914;-1.676,-0.457;-1.524,0.152;-1.219,0.61;-0.914,1.067;-0.457,1.372;-0.0,1.524;0.457,1.372;0.457,0.762;0.457,0.152;0.305,-0.457;0.305,-1.067;0.305,-1.676;0.914,-1.676;1.219,-1.067;1.524,-0.61;1.676,-0.0;1.829,0.61;1.981,1.219;2.438,1.676;#2.438,1.676
18#0.182,-0.908#0.436,-1.81;-0.22,-1.677;-0.374,-0.706;-0.691,-0.367;-1.268,0.049;-1.979,-0.263;-1.344,-0.321;0.111,-0.399;-0.0,1.054;-1.462,-0.721;#-1.112,-0.187;1.234,-1.332;-0.507,-0.868;0.227,0.55;-1.295,-0.388;-1.59,-1.55;1.555,0.902;2.201,-1.121;-0.123,0.856;-0.567,0.012;#-2.438,-1.829;-2.438,-1.219;-1.981,-0.914;-1.676,-0.457;-1.524,0.152;-1.219,0.61;-0.914,1.067;-0.457,1.372;-0.0,1.524;0.457,1.372;0.457,0.762;0.457,0.152;0.305,-0.457;0.305,-1.067;0.305,-1.676;0.914,-1.676;1.219,-1.067;1.524,-0.61;1.676,-0.0;1.829,0.61;1.981,1.219;2.438,1.676;#2.438,1.676
19#0.221,-0.709#0.436,-1.81;-0.22,-1.677;-0.374,-0.706;-0.691,-0.367;-1.268,0.049;-1.979,-0.263;-1.344,-0.321;0.111,-0.399;-0.0,1.054;-1.462,-0.721;#-1.112,-0.187;1.234,-1.332;-0.507,-0.868;0.227,0.55;-1.295,-0.388;-1.59,-1.55;1.555,0.902;2.201,-1.121;-0.123,0.856;-0.567,0.012;#-2.438,-1.829;-2.438,-1.219;-1.981,-0.914;-1.676,-0.457;-1.524,0.152;-1.219,0.61;-0.914,1.067;-0.457,1.372;-0.0,1.524;0.457,1.372;0.457,0.762;0.457,0.152;0.305,-0.457;0.305,-1.067;0.305,-1.676;0.914,-1.676;1.219,-1.067;1.524,-0.61;1.676,-0.0;1.829,0.61;1.981,1.219;2.438,1.676;#2.438,1.676
20#0.263,-0.495#0.436,-1.81;-0.22,-1.677;-0.374,-0.706;-0.691,-0.367;-1.268,0.049;-1.979,-0.263;-1.344,-0.321;-0.0,1.054;-1.462,-0.721;#-1.112,-0.187;1.234,-1.332;-0.507,-0.868;0.227,0.55;-1.295,-0.388;-1.59,-1.55;1.555,0.902;2.201,-1.121;-0.123,0.856;-0.567,0.012;#-2.438,-1.829;-2.438,-1.219;-1.981,-0.914;-1.676,-0.457;-1.524,0.152;-1.219,0.61;-0.914,1.067;-0.457,1.372;-0.0,1.524;0.457,1.372;0.457,0.762;0.457,0.152;0.305,-0.457;0.305,-1.067;0.305,-1.676;0.914,-1.676;1.219,-1.067;1.524,-0.61;1.676,-0.0;1.829,0.61;1.981,1.219;2.438,1.676;#2.438,1.676
21#0.251,-0.258#0.436,-1.81;-0.22,-1.677;-0.374,-0.706;-0.691,-0.367;-1.268,0.049;-1.979,-0.263;-1.344,-0.321;-0.0,1.054;-1.462,-0.721;#-1.112,-0.187;1.234,-1.332;-0.507,-0.868;0.227,0.55;-1.295,-0.388;-1.59,-1.55;1.555,0.902;2.201,-1.121;-0.123,0.856;-0.567,0.012;#-2.438,-1.829;-2.438,-1.219;-1.981,-0.914;-1.676,-0.457;-1.524,0.152;-1.219,0.61;-0.914,1.067;-0.457,1.372;-0.0,1.524;0.457,1.372;0.457,0.762;0.457,0.152;0.305,-0.457;0.305,-1.067;0.305,-1.676;0.914,-1.676;1.219,-1.067;1.524,-0.61;1.676,-0.0;1.829,0.61;1.981,1.219;2.438,1.676;#2.438,1.676
22#0.217,-0.006#0.436,-1.81;-0.22,-1.677;-0.374,-0.706;-0.691,-0.367;-1.268,0.049;-1.979,-0.263;-1.344,-0.321;-0.0,1.054;-1.462,-0.721;#-1.112,-0.187;1.234,-1.332;-0.507,-0.868;0.227,0.55;-1.295,-0.388;-1.59,-1.55;1.555,0.902;2.201,-1.121;-0.123,0.856;-0.567,0.012;#-2.438,-1.829;-2.438,-1.219;-1.981,-0.914;-1.676,-0.457;-1.524,0.152;-1.219,0.61;-0.914,1.067;-0.457,1.372;-0.0,1.524;0.457,1.372;0.457,0.762;0.457,0.152;0.305,-0.457;0.305,-1.067;0.305,-1.676;0.914,-1.676;1.219,-1.067;1.524,-0.61;1.676,-0.0;1.829,0.61;1.981,1.219;2.438,1.676;#2.438,1.676
23#0.245,0.264#0.436,-1.81;-0.22,-1.677;-0.374,-0.706;-0.691,-0.367;-1.268,0.049;-1.979,-0.263;-1.344,-0.321;-0.0,1.054;-1.462,-0.721;#-1.112,-0.187;1.234,-1.332;-0.507,-0.868;0.227,0.55;-1.295,-0.388;-1.59,-1.55;1.555,0.902;2.201,-1.121;-0.123,0.856;-0.567,0.012;#-2.438,-1.829;-2.438,-1.219;-1.981,-0.914;-1.676,-0.457;-1.524,0.152;-1.219,0.61;-0.914,1.067;-0.457,1.372;-0.0,1.524;0.457,1.372;0.457,0.762;0.457,0.152;0.305,-0.457;0.305,-1.067;0.305,-1.676;0.914,-1.676;1.219,-1.067;1.524,-0.61;1.676,-0.0;1.829,0.61;1.981,1.219;2.438,1.676;#2.438,1.676
24#0.283,0.55#0.436,-1.81;-0.22,-1.677;-0.374,-0.706;-0.691,-0.367;-1.268,0.049;-1.979,-0.263;-1.344,-0.321;-0.0,1.054;-1.462,-0.721;#-1.112,-0.187;1.234,-1.332;-0.507,-0.868;-1.295,-0.388;-1.59,-1.55;1.555,0.902;2.201,-1.121;-0.123,0.856;-0.567,0.012;#-2.438,-1.829;-2.438,-1.219;-1.981,-0.914;-1.676,-0.457;-1.524,0.152;-1.219,0.61;-0.914,1.067;-0.457,1.372;-0.0,1.524;0.457,1.372;0.457,0.762;0.457,0.152;0.305,-0.457;0.305,-1.067;0.305,-1.676;0.914,-1.676;1.219,-1.067;1.524,-0.61;1.676,-0.0;1.829,0.61;1.981,1.219;2.438,1.676;#2.438,1.676
25#0.262,0.799#0.436,-1.81;-0.22,-1.677;-0.374,-0.706;-0.691,-0.367;-1.268,0.049;-1.979,-0.263;-1.344,-0.321;-0.0,1.054;-1.462,-0.721;#-1.112,-0.187;1.234,-1.332;-0.507,-0.868;-1.295,-0.388;-1.59,-1.55;1.555,0.902;2.201,-1.121;-0.123,0.856;-0.567,0.012;#-2.438,-1.829;-2.438,-1.219;-1.981,-0.914;-1.676,-0.457;-1.524,0.152;-1.219,0.61;-0.914,1.067;-0.457,1.372;-0.0,1.524;0.457,1.372;0.457,0.762;0.457,0.152;0.305,-0.457;0.305,-1.067;0.305,-1.676;0.914,-1.676;1.219,-1.067;1.524,-0.61;1.676,-0.0;1.829,0.61;1.981,1.219;2.438,1.676;#2.438,1.676
26#0.224,1.024#0.436,-1.81;-0.22,-1.677;-0.374,-0.706;-0.691,-0.367;-1.268,0.049;-1.979,-0.263;-1.344,-0.321;-1.462,-0.721;#-1.112,-0.187;1.234,-1.332;-0.507,-0.868;-1.295,-0.388;-1.59,-1.55;1.555,0.902;2.201,-1.121;-0.123,0.856;-0.567,0.012;#-2.438,-1.829;-2.438,-1.219;-1.981,-0.914;-1.676,-0.457;-1.524,0.152;-1.219,0.61;-0.914,1.067;-0.457,1.372;-0.0,1.524;0.457,1.372;0.457,0.762;0.457,0.152;0.305,-0.457;0.305,-1.067;0.305,-1.676;0.914,-1.676;1.219,-1.067;1.524,-0.61;1.676,-0.0;1.829,0.61;1.981,1.219;2.438,1.676;#2.438,1.676
27#0.184,1.199#0.436,-1.81;-0.22,-1.677;-0.374,-0.706;-0.691,-0.367;-1.268,0.049;-1.979,-0.263;-1.344,-0.321;-1.462,-0.721;#-1.112,-0.187;1.234,-1.332;-0.507,-0.868;-1.295,-0.388;-1.59,-1.55;1.555,0.902;2.201,-1.121;-0.123,0.856;-0.567,0.012;#-2.438,-1.829;-2.438,-1.219;-1.981,-0.914;-1.676,-0.457;-1.524,0.152;-1.219,0.61;-0.914,1.067;-0.457,1.372;-0.0,1.524;0.457,1.372;0.457,0.762;0.457,0.152;0.305,-0.457;0.305,-1.067;0.305,-1.676;0.914,-1.676;1.219,-1.067;1.524,-0.61;1.676,-0.0;1.829,0.61;1.981,1.219;2.438,1.676;#2.438,1.676
28#0.156,1.352#0.436,-1.81;-0.22,-1.677;-0.374,-0.706;-0.691,-0.367;-1.268,0.049;-1.979,-0.263;-1.344,-0.321;-1.462,-0.721;#-1.112,-0.187;1.234,-1.332;-0.507,-0.868;-1.295,-0.388;-1.59,-1.55;1.555,0.902;2.201,-1.121;-0.123,0.856;-0.567,0.012;#-2.438,-1.829;-2.438,-1.219;-1.981,-0.914;-1.676,-0.457;-1.524,0.152;-1.219,0.61;-0.914,1.067;-0.457,1.372;-0.0,1.524;0.457,1.372;0.457,0.762;0.457,0.152;0.305,-0.457;0.305,-1.067;0.305,-1.676;0.914,-1.676;1.219,-1.067;1.524,-0.61;1.676,-0.0;1.829,0.61;1.981,1.219;2.438,1.676;#2.438,1.676
29#0.053,1.436#0.436,-1.81;-0.22,-1.677;-0.374,-0.706;-0.691,-0.367;-1.268,0.049;-1.979,-0.263;-1.344,-0.321;-1.462,-0.721;#-1.112,-0.187;1.234,-1.332;-0.507,-0.868;-1.295,-0.388;-1.59,-1.55;1.555,0.902;2.201,-1.121;-0.123,0.856;-0.567,0.012;#-2.438,-1.829;-2.438,-1.219;-1.981,-0.914;-1.676,-0.457;-1.524,0.152;-1.219,0.61;-0.914,1.067;-0.457,1.372;-0.0,1.524;0.457,1.372;0.457,0.762;0.457,0.152;0.305,-0.457;0.305,-1.067;0.305,-1.676;0.914,-1.676;1.219,-1.067;1.524,-0.61;1.676,-0.0;1.829,0.61;1.981,1.219;2.438,1.676;#2.438,1.676
30#-0.107,1.474#0.436,-1.81;-0.22,-1.677;-0.374,-0.706;-0.691,-0.367;-1.268,0.049;-1.979,-0.263;-1.344,-0.321;-1.462,-0.721;#-1.112,-0.187;1.234,-1.332;-0.507,-0.868;-1.295,-0.388;-1.59,-1.55;1.555,0.902;2.201,-1.121;-0.123,0.856;-0.567,0.012;#-2.438,-1.829;-2.438,-1.219;-1.981,-0.914;-1.676,-0.457;-1.524,0.152;-1.219,0.61;-0.914,1.067;-0.457,1.372;-0.0,1.524;0.457,1.372;0.457,0.762;0.457,0.152;0.305,-0.457;0.305,-1.067;0.305,-1.676;0.914,-1.676;1.219,-1.067;1.524,-0.61;1.676,-0.0;1.829,0.61;1.981,1.219;2.438,1.676;#2.438,1.676
31#-0.278,1.52#0.436,-1.81;-0.22,-1.677;-0.374,-0.706;-0.691,-0.367;-1.268,0.049;-1.979,-0.263;-1.344,-0.321;-1.462,-0.721;#-1.112,-0.187;1.234,-1.332;-0.507,-0.868;-1.295,-0.388;-1.59,-1.55;1.555,0.902;2.201,-1.121;-0.123,0.856;-0.567,0.012;#-2.438,-1.829;-2.438,-1.219;-1.981,-0.914;-1.676,-0.457;-1.524,0.152;-1.219,0.61;-0.914,1.067;-0.457,1.372;-0.0,1.524;0.457,1.372;0.457,0.762;0.457,0.152;0.305,-0.457;0.305,-1.067;0.305,-1.676;0.914,-1.676;1.219,-1.067;1.524,-0.61;1.676,-0.0;1.829,0.61;1.981,1.219;2.438,1.676;#2.438,1.676
32#-0.443,1.529#0.436,-1.81;-0.22,-1.677;-0.374,-0.706;-0.691,-0.367;-1.268,0.049;-1.979,-0.263;-1.344,-0.321;-1.462,-0.721;#-1.112,-0.187;1.234,-1.332;-0.507,-0.868;-1.295,-0.388;-1.59,-1.55;1.555,0.902;2.201,-1.121;-0.123,0.856;-0.567,0.012;#-2.438,-1.829;-2.438,-1.219;-1.981,-0.914;-1.676,-0.457;-1.524,0.152;-1.219,0.61;-0.914,1.067;-0.457,1.372;-0.0,1.524;0.457,1.372;0.457,0.762;0.457,0.152;0.305,-0.457;0.305,-1.067;0.305,-1.676;0.914,-1.676;1.219,-1.067;1.524,-0.61;1.676,-0.0;1.829,0.61;1.981,1.219;2.438,1.676;#2.438,1.676
33#-0.593,1.411#0.436,-1.81;-0.22,-1.677;-0.374,-0.706;-0.691,-0.367;-1.268,0.049;-1.979,-0.263;-1.344,-0.321;-1.462,-0.721;#-1.112,-0.187;1.234,-1.332;-0.507,-0.868;-1.295,-0.388;-1.59,-1.55;1.555,0.902;2.201,-1.121;-0.123,0.856;-0.567,0.012;#-2.438,-1.829;-2.438,-1.219;-1.981,-0.914;-1.676,-0.457;-1.524,0.152;-1.219,0.61;-0.914,1.067;-0.457,1.372;-0.0,1.524;0.457,1.372;0.457,0.762;0.457,0.152;0.305,-0.457;0.305,-1.067;0.305,-1.676;0.914,-1.676;1.219,-1.067;1.524,-0.61;1.676,-0.0;1.829,0.61;1.981,1.219;2.438,1.676;#2.438,1.676
34#-0.734,1.221#0.436,-1.81;-0.22,-1.677;-0.374,-0.706;-0.691,-0.367;-1.268,0.049;-1.979,-0.263;-1.344,-0.321;-1.462,-0.721;#-1.112,-0.187;1.234,-1.332;-0.507,-0.868;-1.295,-0.388;-1.59,-1.55;1.555,0.902;2.201,-1.121;-0.123,0.856;-0.567,0.012;#-2.438,-1.829;-2.438,-1.219;-1.981,-0.914;-1.676,-0.457;-1.524,0.152;-1.219,0.61;-0.914,1.067;-0.457,1.372;-0.0,1.524;0.457,1.372;0.457,0.762;0.457,0.152;0.305,-0.457;0.305,-1.067;0.305,-1.676;0.914,-1.676;1.219,-1.067;1.524,-0.61;1.676,-0.0;1.829,0.61;1.981,1.219;2.438,1.676;#2.438,1.676
35#-0.886,1.061#0.436,-1.81;-0.22,-1.677;-0.374,-0.706;-0.691,-0.367;-1.268,0.049;-1.979,-0.263;-1.344,-0.321;-1.462,-0.721;#-1.112,-0.187;1.234,-1.332;-0.507,-0.868;-1.295,-0.388;-1.59,-1.55;1.555,0.902;2.201,-1.121;-0.123,0.856;-0.567,0.012;#-2.438,-1.829;-2.438,-1.219;-1.981,-0.914;-1.676,-0.457;-1.524,0.152;-1.219,0.61;-0.914,1.067;-0.457,1.372;-0.0,1.524;0.457,1.372;0.457,0.762;0.457,0.152;0.305,-0.457;0.305,-1.067;0.305,-1.676;0.914,-1.676;1.219,-1.067;1.524,-0.61;1.676,-0.0;1.829,0.61;1.981,1.219;2.438,1.676;#2.438,1.676
36#-1.063,0.898#0.436,-1.81;-0.22,-1.677;-0.374,-0.706;-0.691,-0.367;-1.268,0.049;-1.979,-0.263;-1.344,-0.321;-1.462,-0.721;#-1.112,-0.187;1.234,-1.332;-0.507,-0.868;-1.295,-0.388;-1.59,-1.55;1.555,0.902;2.201,-1.121;-0.123,0.856;-0.567,0.012;#-2.438,-1.829;-2.438,-1.219;-1.981,-0.914;-1.676,-0.457;-1.524,0.152;-1.219,0.61;-0.914,1.067;-0.457,1.372;-0.0,1.524;0.457,1.372;0.457,0.762;0.457,0.152;0.305,-0.457;0.305,-1.067;0.305,-1.676;0.914,-1.676;1.219,-1.067;1.524,-0.61;1.676,-0.0;1.829,0.61;1.981,1.219;2.438,1.676;#2.438,1.676
37#-1.193,0.703#0.436,-1.81;-0.22,-1.677;-0.374,-0.706;-0.691,-0.367;-1.268,0.049;-1.979,-0.263;-1.344,-0.321;-1.462,-0.721;#-1.112,-0.187;1.234,-1.332;-0.507,-0.868;-1.295,-0.388;-1.59,-1.55;1.555,0.902;2.201,-1.121;-0.123,0.856;-0.567,0.012;#-2.438,-1.829;-2.438,-1.219;-1.981,-0.914;-1.676,-0.457;-1.524,0.152;-1.219,0.61;-0.914,1.067;-0.457,1.372;-0.0,1.524;0.457,1.372;0.457,0.762;0.457,0.152;0.305,-0.457;0.305,-1.067;0.305,-1.676;0.914,-1.676;1.219,-1.067;1.524,-0.61;1.676,-0.0;1.829,0.61;1.981,1.219;2.438,1.676;#2.438,1.676
38#-1.314,0.484#0.436,-1.81;-0.22,-1.677;-0.374,-0.706;-0.691,-0.367;-1.268,0.049;-1.979,-0.263;-1.344,-0.321;-1.462,-0.721;#-1.112,-0.187;1.234,-1.332;-0.507,-0.868;-1.295,-0.388;-1.59,-1.55;1.555,0.902;2.201,-1.121;-0.123,0.856;-0.567,0.012;#-2.438,-1.829;-2.438,-1.219;-1.981,-0.914;-1.676,-0.457;-1.524,0.152;-1.219,0.61;-0.914,1.067;-0.457,1.372;-0.0,1.524;0.457,1.372;0.457,0.762;0.457,0.152;0.305,-0.457;0.305,-1.067;0.305,-1.676;0.914,-1.676;1.219,-1.067;1.524,-0.61;1.676,-0.0;1.829,0.61;1.981,1.219;2.438,1.676;#2.438,1.676
39#-1.461,0.315#0.436,-1.81;-0.22,-1.677;-0.374,-0.706;-0.691,-0.367;-1.268,0.049;-1.979,-0.263;-1.344,-0.321;-1.462,-0.721;#-1.112,-0.187;1.234,-1.332;-0.507,-0.868;-1.295,-0.388;-1.59,-1.55;1.555,0.902;2.201,-1.121;-0.123,0.856;-0.567,0.012;#-2.438,-1.829;-2.438,-1.219;-1.981,-0.914;-1.676,-0.457;-1.524,0.152;-1.219,0.61;-0.914,1.067;-0.457,1.372;-0.0,1.524;0.457,1.372;0.457,0.762;0.457,0.152;0.305,-0.457;0.305,-1.067;0.305,-1.676;0.914,-1.676;1.219,-1.067;1.524,-0.61;1.676,-0.0;1.829,0.61;1.981,1.219;2.438,1.676;#2.438,1.676
40#-1.656,0.147#0.436,-1.81;-0.22,-1.677;-0.374,-0.706;-0.691,-0.367;-1.268,0.049;-1.979,-0.263;-1.344,-0.321;-1.462,-0.721;#-1.112,-0.187;1.234,-1.332;-0.507,-0.868;-1.295,-0.388;-1.59,-1.55;1.555,0.902;2.201,-1.121;-0.123,0.856;-0.567,0.012;#-2.438,-1.829;-2.438,-1.219;-1.981,-0.914;-1.676,-0.457;-1.524,0.152;-1.219,0.61;-0.914,1.067;-0.457,1.372;-0.0,1.524;0.457,1.372;0.457,0.762;0.457,0.152;0.305,-0.457;0.305,-1.067;0.305,-1.676;0.914,-1.676;1.219,-1.067;1.524,-0.61;1.676,-0.0;1.829,0.61;1.981,1.219;2.438,1.676;#2.438,1.676
41#-1.791,-0.021#0.436,-1.81;-0.22,-1.677;-0.374,-0.706;-0.691,-0.367;-1.268,0.049;-1.979,-0.263;-1.344,-0.321;-1.462,-0.721;#-1.112,-0.187;1.234,-1.332;-0.507,-0.868;-1.295,-0.388;-1.59,-1.55;1.555,0.902;2.201,-1.121;-0.123,0.856;-0.567,0.012;#-2.438,-1.829;-2.438,-1.219;-1.981,-0.914;-1.676,-0.457;-1.524,0.152;-1.219,0.61;-0.914,1.067;-0.457,1.372;-0.0,1.524;0.457,1.372;0.457,0.762;0.457,0.152;0.305,-0.457;0.305,-1.067;0.305,-1.676;0.914,-1.676;1.219,-1.067;1.524,-0.61;1.676,-0.0;1.829,0.61;1.981,1.219;2.438,1.676;#2.438,1.676
42#-1.906,-0.228#0.436,-1.81;-0.22,-1.677;-0.374,-0.706;-0.691,-0.367;-1.268,0.049;-1.344,-0.321;-1.462,-0.721;#-1.112,-0.187;1.234,-1.332;-0.507,-0.868;-1.295,-0.388;-1.59,-1.55;1.555,0.902;2.201,-1.121;-0.123,0.856;-0.567,0.012;#-2.438,-1.829;-2.438,-1.219;-1.981,-0.914;-1.676,-0.457;-1.524,0.152;-1.219,0.61;-0.914,1.067;-0.457,1.372;-0.0,1.524;0.457,1.372;0.457,0.762;0.457,0.152;0.305,-0.457;0.305,-1.067;0.305,-1.676;0.914,-1.676;1.219,-1.067;1.524,-0.61;1.676,-0.0;1.829,0.61;1.981,1.219;2.438,1.676;#2.438,1.676
43#-2.04,-0.404#0.436,-1.81;-0.22,-1.677;-0.374,-0.706;-0.691,-0.367;-1.268,0.049;-1.344,-0.321;-1.462,-0.721;#-1.112,-0.187;1.234,-1.332;-0.507,-0.868;-1.295,-0.388;-1.59,-1.55;1.555,0.902;2.201,-1.121;-0.123,0.856;-0.567,0.012;#-2.438,-1.829;-2.438,-1.219;-1.981,-0.914;-1.676,-0.457;-1.524,0.152;-1.219,0.61;-0.914,1.067;-0.457,1.372;-0.0,1.524;0.457,1.372;0.457,0.762;0.457,0.152;0.305,-0.457;0.305,-1.067;0.305,-1.676;0.914,-1.676;1.219,-1.067;1.524,-0.61;1.676,-0.0;1.829,0.61;1.981,1.219;2.438,1.676;#2.438,1.676
44#-2.19,-0.56#0.436,-1.81;-0.22,-1.677;-0.374,-0.706;-0.691,-0.367;-1.268,0.049;-1.344,-0.321;-1.462,-0.721;#-1.112,-0.187;1.234,-1.332;-0.507,-0.868;-1.295,-0.388;-1.59,-1.55;1.555,0.902;2.201,-1.121;-0.123,0.856;-0.567,0.012;#-2.438,-1.829;-2.438,-1.219;-1.981,-0.914;-1.676,-0.457;-1.524,0.152;-1.219,0.61;-0.914,1.067;-0.457,1.372;-0.0,1.524;0.457,1.372;0.457,0.762;0.457,0.152;0.305,-0.457;0.305,-1.067;0.305,-1.676;0.914,-1.676;1.219,-1.067;1.524,-0.61;1.676,-0.0;1.829,0.61;1.981,1.219;2.438,1.676;#2.438,1.676
45#-2.262,-0.751#0.436,-1.81;-0.22,-1.677;-0.374,-0.706;-0.691,-0.367;-1.268,0.049;-1.344,-0.321;-1.462,-0.721;#-1.112,-0.187;1.234,-1.332;-0.507,-0.868;-1.295,-0.388;-1.59,-1.55;1.555,0.902;2.201,-1.121;-0.123,0.856;-0.567,0.012;#-2.438,-1.829;-2.438,-1.219;-1.981,-0.914;-1.676,-0.457;-1.524,0.152;-1.219,0.61;-0.914,1.067;-0.457,1.372;-0.0,1.524;0.457,1.372;0.457,0.762;0.457,0.152;0.305,-0.457;0.305,-1.067;0.305,-1.676;0.914,-1.676;1.219,-1.067;1.524,-0.61;1.676,-0.0;1.829,0.61;1.981,1.219;2.438,1.676;#2.438,1.676
46#-2.293,-0.967#0.436,-1.81;-0.22,-1.677;-0.374,-0.706;-0.691,-0.367;-1.268,0.049;-1.344,-0.321;-1.462,-0.721;#-1.112,-0.187;1.234,-1.332;-0.507,-0.868;-1.295,-0.388;-1.59,-1.55;1.555,0.902;2.201,-1.121;-0.123,0.856;-0.567,0.012;#-2.438,-1.829;-2.438,-1.219;-1.981,-0.914;-1.676,-0.457;-1.524,0.152;-1.219,0.61;-0.914,1.067;-0.457,1.372;-0.0,1.524;0.457,1.372;0.457,0.762;0.457,0.152;0.305,-0.457;0.305,-1.067;0.305,-1.676;0.914,-1.676;1.219,-1.067;1.524,-0.61;1.676,-0.0;1.829,0.61;1.981,1.219;2.438,1.676;#2.438,1.676
47#-2.35,-1.118#0.436,-1.81;-0.22,-1.677;-0.374,-0.706;-0.691,-0.367;-1.268,0.049;-1.344,-0.321;-1.462,-0.721;#-1.112,-0.187;1.234,-1.332;-0.507,-0.868;-1.295,-0.388;-1.59,-1.55;1.555,0.902;2.201,-1.121;-0.123,0.856;-0.567,0.012;#-2.438,-1.829;-2.438,-1.219;-1.981,-0.914;-1.676,-0.457;-1.524,0.152;-1.219,0.61;-0.914,1.067;-0.457,1.372;-0.0,1.524;0.457,1.372;0.457,0.762;0.457,0.152;0.305,-0.457;0.305,-1.067;0.305,-1.676;0.914,-1.676;1.219,-1.067;1.524,-0.61;1.676,-0.0;1.829,0.61;1.981,1.219;2.438,1.676;#2.438,1.676
48#-2.423,-1.242#0.436,-1.81;-0.22,-1.677;-0.374,-0.706;-0.691,-0.367;-1.268,0.049;-1.344,-0.321;-1.462,-0.721;#-1.112,-0.187;1.234,-1.332;-0.507,-0.868;-1.295,-0.388;-1.59,-1.55;1.555,0.902;2.201,-1.121;-0.123,0.856;-0.567,0.012;#-2.438,-1.829;-2.438,-1.219;-1.981,-0.914;-1.676,-0.457;-1.524,0.152;-1.219,0.61;-0.914,1.067;-0.457,1.372;-0.0,1.524;0.457,1.372;0.457,0.762;0.457,0.152;0.305,-0.457;0.305,-1.067;0.305,-1.676;0.914,-1.676;1.219,-1.067;1.524,-0.61;1.676,-0.0;1.829,0.61;1.981,1.219;2.438,1.676;#2.438,1.676
49#-2.483,-1.379#0.436,-1.81;-0.22,-1.677;-0.374,-0.706;-0.691,-0.367;-1.268,0.049;-1.344,-0.321;-1.462,-0.721;#-1.112,-0.187;1.234,-1.332;-0.507,-0.868;-1.295,-0.388;-1.59,-1.55;1.555,0.902;2.201,-1.121;-0.123,0.856;-0.567,0.012;#-2.438,-1.829;-2.438,-1.219;-1.981,-0.914;-1.676,-0.457;-1.524,0.152;-1.219,0.61;-0.914,1.067;-0.457,1.372;-0.0,1.524;0.457,1.372;0.457,0.762;0.457,0.152;0.305,-0.457;0.305,-1.067;0.305,-1.676;0.914,-1.676;1.219,-1.067;1.524,-0.61;1.676,-0.0;1.829,0.61;1.981,1.219;2.438,1.676;#2.438,1.676
50#-2.495,-1.488#0.436,-1.81;-0.22,-1.677;-0.374,-0.706;-0.691,-0.367;-1.268,0.049;-1.344,-0.321;-1.462,-0.721;#-1.112,-0.187;1.234,-1.332;-0.507,-0.868;-1.295,-0.388;-1.59,-1.55;1.555,0.902;2.201,-1.121;-0.123,0.856;-0.567,0.012;#-2.438,-1.829;-2.438,-1.219;-1.981,-0.914;-1.676,-0.457;-1.524,0.152;-1.219,0.61;-0.914,1.067;-0.457,1.372;-0.0,1.524;0.457,1.372;0.457,0.762;0.457,0.152;0.305,-0.457;0.305,-1.067;0.305,-1.676;0.914,-1.676;1.219,-1.067;1.524,-0.61;1.676,-0.0;1.829,0.61;1.981,1.219;2.438,1.676;#2.438,1.676
51#-2.451,-1.575#0.436,-1.81;-0.22,-1.677;-0.374,-0.706;-0.691,-0.367;-1.268,0.049;-1.344,-0.321;-1.462,-0.721;#-1.112,-0.187;1.234,-1.332;-0.507,-0.868;-1.295,-0.388;-1.59,-1.55;1.555,0.902;2.201,-1.121;-0.123,0.856;-0.567,0.012;#-2.438,-1.829;-2.438,-1.219;-1.981,-0.914;-1.676,-0.457;-1.524,0.152;-1.219,0.61;-0.914,1.067;-0.457,1.372;-0.0,1.524;0.457,1.372;0.457,0.762;0.457,0.152;0.305,-0.457;0.305,-1.067;0.305,-1.676;0.914,-1.676;1.219,-1.067;1.524,-0.61;1.676,-0.0;1.829,0.61;1.981,1.219;2.438,1.676;#2.438,1.676
52#-2.408,-1.639#0.436,-1.81;-0.22,-1.677;-0.374,-0.706;-0.691,-0.367;-1.268,0.049;-1.344,-0.321;-1.462,-0.721;#-1.112,-0.187;1.234,-1.332;-0.507,-0.868;-1.295,-0.388;-1.59,-1.55;1.555,0.902;2.201,-1.121;-0.123,0.856;-0.567,0.012;#-2.438,-1.829;-2.438,-1.219;-1.981,-0.914;-1.676,-0.457;-1.524,0.152;-1.219,0.61;-0.914,1.067;-0.457,1.372;-0.0,1.524;0.457,1.372;0.457,0.762;0.457,0.152;0.305,-0.457;0.305,-1.067;0.305,-1.676;0.914,-1.676;1.219,-1.067;1.524,-0.61;1.676,-0.0;1.829,0.61;1.981,1.219;2.438,1.676;#2.438,1.676
53#-2.402,-1.663#0.436,-1.81;-0.22,-1.677;-0.374,-0.706;-0.691,-0.367;-1.268,0.049;-1.344,-0.321;-1.462,-0.721;#-1.112,-0.187;1.234,-1.332;-0.507,-0.868;-1.295,-0.388;-1.59,-1.55;1.555,0.902;2.201,-1.121;-0.123,0.856;-0.567,0.012;#-2.438,-1.829;-2.438,-1.219;-1.981,-0.914;-1.676,-0.457;-1.524,0.152;-1.219,0.61;-0.914,1.067;-0.457,1.372;-0.0,1.524;0.457,1.372;0.457,0.762;0.457,0.152;0.305,-0.457;0.305,-1.067;0.305,-1.676;0.914,-1.676;1.219,-1.067;1.524,-0.61;1.676,-0.0;1.829,0.61;1.981,1.219;2.438,1.676;#2.438,1.676
54#-2.388,-1.676#0.436,-1.81;-0.22,-1.677;-0.374,-0.706;-0.691,-0.367;-1.268,0.049;-1.344,-0.321;-1.462,-0.721;#-1.112,-0.187;1.234,-1.332;-0.507,-0.868;-1.295,-0.388;-1.59,-1.55;1.555,0.902;2.201,-1.121;-0.123,0.856;-0.567,0.012;#-2.438,-1.829;-2.438,-1.219;-1.981,-0.914;-1.676,-0.457;-1.524,0.152;-1.219,0.61;-0.914,1.067;-0.457,1.372;-0.0,1.524;0.457,1.372;0.457,0.762;0.457,0.152;0.305,-0.457;0.305,-1.067;0.305,-1.676;0.914,-1.676;1.219,-1.067;1.524,-0.61;1.676,-0.0;1.829,0.61;1.981,1.219;2.438,1.676;#2.438,1.676
55#-2.342,-1.648#0.436,-1.81;-0.22,-1.677;-0.374,-0.706;-0.691,-0.367;-1.268,0.049;-1.344,-0.321;-1.462,-0.721;#-1.112,-0.187;1.234,-1.332;-0.507,-0.868;-1.295,-0.388;-1.59,-1.55;1.555,0.902;2.201,-1.121;-0.123,0.856;-0.567,0.012;#-2.438,-1.829;-2.438,-1.219;-1.981,-0.914;-1.676,-0.457;-1.524,0.152;-1.219,0.61;-0.914,1.067;-0.457,1.372;-0.0,1.524;0.457,1.372;0.457,0.762;0.457,0.152;0.305,-0.457;0.305,-1.067;0.305,-1.676;0.914,-1.676;1.219,-1.067;1.524,-0.61;1.676,-0.0;1.829,0.61;1.981,1.219;2.438,1.676;#2.438,1.676
56#-2.346,-1.649#0.436,-1.81;-0.22,-1.677;-0.374,-0.706;-0.691,-0.367;-1.268,0.049;-1.344,-0.321;-1.462,-0.721;#-1.112,-0.187;1.234,-1.332;-0.507,-0.868;-1.295,-0.388;-1.59,-1.55;1.555,0.902;2.201,-1.121;-0.123,0.856;-0.567,0.012;#-2.438,-1.829;-2.438,-1.219;-1.981,-0.914;-1.676,-0.457;-1.524,0.152;-1.219,0.61;-0.914,1.067;-0.457,1.372;-0.0,1.524;0.457,1.372;0.457,0.762;0.457,0.152;0.305,-0.457;0.305,-1.067;0.305,-1.676;0.914,-1.676;1.219,-1.067;1.524,-0.61;1.676,-0.0;1.829,0.61;1.981,1.219;2.438,1.676;#2.438,1.676
57#-2.376,-1.669#0.436,-1.81;-0.22,-1.677;-0.374,-0.706;-0.691,-0.367;-1.268,0.049;-1.344,-0.321;-1.462,-0.721;#-1.112,-0.187;1.234,-1.332;-0.507,-0.868;-1.295,-0.388;-1.59,-1.55;1.555,0.902;2.201,-1.121;-0.123,0.856;-0.567,0.012;#-2.438,-1.829;-2.438,-1.219;-1.981,-0.914;-1.676,-0.457;-1.524,0.152;-1.219,0.61;-0.914,1.067;-0.457,1.372;-0.0,1.524;0.457,1.372;0.457,0.762;0.457,0.152;0.305,-0.457;0.305,-1.067;0.305,-1.676;0.914,-1.676;1.219,-1.067;1.524,-0.61;1.676,-0.0;1.829,0.61;1.981,1.219;2.438,1.676;#2.438,1.676
58#-2.368,-1.639#0.436,-1.81;-0.22,-1.677;-0.374,-0.706;-0.691,-0.367;-1.268,0.049;-1.344,-0.321;-1.462,-0.721;#-1.112,-0.187;1.234,-1.332;-0.507,-0.868;-1.295,-0.388;-1.59,-1.55;1.555,0.902;2.201,-1.121;-0.123,0.856;-0.567,0.012;#-2.438,-1.829;-2.438,-1.219;-1.981,-0.914;-1.676,-0.457;-1.524,0.152;-1.219,0.61;-0.914,1.067;-0.457,1.372;-0.0,1.524;0.457,1.372;0.457,0.762;0.457,0.152;0.305,-0.457;0.305,-1.067;0.305,-1.676;0.914,-1.676;1.219,-1.067;1.524,-0.61;1.676,-0.0;1.829,0.61;1.981,1.219;2.438,1.676;#2.438,1.676
59#-2.344,-1.597#0.436,-1.81;-0.22,-1.677;-0.374,-0.706;-0.691,-0.367;-1.268,0.049;-1.344,-0.321;-1.462,-0.721;#-1.112,-0.187;1.234,-1.332;-0.507,-0.868;-1.295,-0.388;-1.59,-1.55;1.555,0.902;2.201,-1.121;-0.123,0.856;-0.567,0.012;#-2.438,-1.829;-2.438,-1.219;-1.981,-0.914;-1.676,-0.457;-1.524,0.152;-1.219,0.61;-0.914,1.067;-0.457,1.372;-0.0,1.524;0.457,1.372;0.457,0.762;0.457,0.152;0.305,-0.457;0.305,-1.067;0.305,-1.676;0.914,-1.676;1.219,-1.067;1.524,-0.61;1.676,-0.0;1.829,0.61;1.981,1.219;2.438,1.676;#2.438,1.676
60#-2.344,-1.583#0.436,-1.81;-0.22,-1.677;-0.374,-0.706;-0.691,-0.367;-1.268,0.049;-1.344,-0.321;-1.462,-0.721;#-1.112,-0.187;1.234,-1.332;-0.507,-0.868;-1.295,-0.388;-1.59,-1.55;1.555,0.902;2.201,-1.121;-0.123,0.856;-0.567,0.012;#-2.438,-1.829;-2.438,-1.219;-1.981,-0.914;-1.676,-0.457;-1.524,0.152;-1.219,0.61;-0.914,1.067;-0.457,1.372;-0.0,1.524;0.457,1.372;0.457,0.762;0.457,0.152;0.305,-0.457;0.305,-1.067;0.305,-1.676;0.914,-1.676;1.219,-1.067;1.524,-0.61;1.676,-0.0;1.829,0.61;1.981,1.219;2.438,1.676;#2.438,1.676
61#-2.34,-1.588#0.436,-1.81;-0.22,-1.677;-0.374,-0.706;-0.691,-0.367;-1.268,0.049;-1.344,-0.321;-1.462,-0.721;#-1.112,-0.187;1.234,-1.332;-0.507,-0.868;-1.295,-0.388;-1.59,-1.55;1.555,0.902;2.201,-1.121;-0.123,0.856;-0.567,0.012;#-2.438,-1.829;-2.438,-1.219;-1.981,-0.914;-1.676,-0.457;-1.524,0.152;-1.219,0.61;-0.914,1.067;-0.457,1.372;-0.0,1.524;0.457,1.372;0.457,0.762;0.457,0.152;0.305,-0.457;0.305,-1.067;0.305,-1.676;0.914,-1.676;1.219,-1.067;1.524,-0.61;1.676,-0.0;1.829,0.61;1.981,1.219;2.438,1.676;#2.438,1.676
62#-2.341,-1.597#0.436,-1.81;-0.22,-1.677;-0.374,-0.706;-0.691,-0.367;-1.268,0.049;-1.344,-0.321;-1.462,-0.721;#-1.112,-0.187;1.234,-1.332;-0.507,-0.868;-1.295,-0.388;-1.59,-1.55;1.555,0.902;2.201,-1.121;-0.123,0.856;-0.567,0.012;#-2.438,-1.829;-2.438,-1.219;-1.981,-0.914;-1.676,-0.457;-1.524,0.152;-1.219,0.61;-0.914,1.067;-0.457,1.372;-0.0,1.524;0.457,1.372;0.457,0.762;0.457,0.152;0.305,-0.457;0.305,-1.067;0.305,-1.676;0.914,-1.676;1.219,-1.067;1.524,-0.61;1.676,-0.0;1.829,0.61;1.981,1.219;2.438,1.676;#2.438,1.676
63#-2.339,-1.601#0.436,-1.81;-0.22,-1.677;-0.374,-0.706;-0.691,-0.367;-1.268,0.049;-1.344,-0.321;-1.462,-0.721;#-1.112,-0.187;1.234,-1.332;-0.507,-0.868;-1.295,-0.388;-1.59,-1.55;1.555,0.902;2.201,-1.121;-0.123,0.856;-0.567,0.012;#-2.438,-1.829;-2.438,-1.219;-1.981,-0.914;-1.676,-0.457;-1.524,0.152;-1.219,0.61;-0.914,1.067;-0.457,1.372;-0.0,1.524;0.457,1.372;0.457,0.762;0.457,0.152;0.305,-0.457;0.305,-1.067;0.305,-1.676;0.914,-1.676;1.219,-1.067;1.524,-0.61;1.676,-0.0;1.829,0.61;1.981,1.219;2.438,1.676;#2.438,1.676
64#-2.327,-1.6#0.436,-1.81;-0.22,-1.677;-0.374,-0.706;-0.691,-0.367;-1.268,0.049;-1.344,-0.321;-1.462,-0.721;#-1.112,-0.187;1.234,-1.332;-0.507,-0.868;-1.295,-0.388;-1.59,-1.55;1.555,0.902;2.201,-1.121;-0.123,0.856;-0.567,0.012;#-2.438,-1.829;-2.438,-1.219;-1.981,-0.914;-1.676,-0.457;-1.524,0.152;-1.219,0.61;-0.914,1.067;-0.457,1.372;-0.0,1.524;0.457,1.372;0.457,0.762;0.457,0.152;0.305,-0.457;0.305,-1.067;0.305,-1.676;0.914,-1.676;1.219,-1.067;1.524,-0.61;1.676,-0.0;1.829,0.61;1.981,1.219;2.438,1.676;#2.438,1.676
65#-2.315,-1.593#0.436,-1.81;-0.22,-1.677;-0.374,-0.706;-0.691,-0.367;-1.268,0.049;-1.344,-0.321;-1.462,-0.721;#-1.112,-0.187;1.234,-1.332;-0.507,-0.868;-1.295,-0.388;-1.59,-1.55;1.555,0.902;2.201,-1.121;-0.123,0.856;-0.567,0.012;#-2.438,-1.829;-2.438,-1.219;-1.981,-0.914;-1.676,-0.457;-1.524,0.152;-1.219,0.61;-0.914,1.067;-0.457,1.372;-0.0,1.524;0.457,1.372;0.457,0.762;0.457,0.152;0.305,-0.457;0.305,-1.067;0.305,-1.676;0.914,-1.676;1.219,-1.067;1.524,-0.61;1.676,-0.0;1.829,0.61;1.981,1.219;2.438,1.676;#2.438,1.676
66#-2.315,-1.593#0.436,-1.81;-0.22,-1.677;-0.374,-0.706;-0.691,-0.367;-1.268,0.049;-1.344,-0.321;-1.462,-0.721;#-1.112,-0.187;1.234,-1.332;-0.507,-0.868;-1.295,-0.388;-1.59,-1.55;1.555,0.902;2.201,-1.121;-0.123,0.856;-0.567,0.012;#-2.438,-1.829;-2.438,-1.219;-1.981,-0.914;-1.676,-0.457;-1.524,0.152;-1.219,0.61;-0.914,1.067;-0.457,1.372;-0.0,1.524;0.457,1.372;0.457,0.762;0.457,0.152;0.305,-0.457;0.305,-1.067;0.305,-1.676;0.914,-1.676;1.219,-1.067;1.524,-0.61;1.676,-0.0;1.829,0.61;1.981,1.219;2.438,1.676;#2.438,1.676
